 0,0	: [205 236 255]
 0,1	: [205 237 255]
 0,2	: [207 237 254]
 0,3	: [205 238 253]
 0,4	: [202 239 253]
 0,5	: [200 239 253]
 0,6	: [201 237 253]
 0,7	: [204 237 253]
 0,8	: [210 236 253]
 0,9	: [211 235 253]
 0,10	: [213 239 255]
 0,11	: [205 237 250]
 0,12	: [195 233 245]
 0,13	: [210 249 255]
 0,14	: [201 238 242]
 0,15	: [213 242 247]
 0,16	: [230 245 254]
 0,17	: [208 206 225]
 0,18	: [114  90 120]
 0,19	: [35  4 33]
 0,20	: [57 28 43]
 0,21	: [87 58 67]
 0,22	: [102  68  75]
 0,23	: [106  70  76]
 0,24	: [115  81  81]
 0,25	: [96 67 63]
 0,26	: [95 76 71]
 0,27	: [95 77 76]
 0,28	: [98 72 78]
 0,29	: [100  69  78]
 0,30	: [96 63 70]
 0,31	: [97 65 70]
 0,32	: [99 72 76]
 0,33	: [102  75  79]
 0,34	: [107  73  79]
 0,35	: [105  71  77]
 0,36	: [100  69  76]
 0,37	: [99 74 78]
 0,38	: [91 70 69]
 0,39	: [99 79 74]
 0,40	: [100  78  67]
 0,41	: [99 74 64]
 0,42	: [105  75  70]
 0,43	: [107  77  76]
 0,44	: [99 70 73]
 0,45	: [99 72 75]
 0,46	: [105  79  79]
 0,47	: [97 71 71]
 0,48	: [96 71 75]
 0,49	: [98 72 78]
 0,50	: [99 72 76]
 0,51	: [100  73  77]
 0,52	: [104  73  76]
 0,53	: [91 63 63]
 0,54	: [111  87  87]
 0,55	: [175 156 153]
 0,56	: [176 155 157]
 0,57	: [77 55 60]
 0,58	: [34  8 22]
 0,59	: [133 108 128]
 0,60	: [237 221 244]
 0,61	: [238 242 255]
 0,62	: [210 236 250]
 0,63	: [200 240 252]
 0,64	: [198 239 254]
 1,0	: [205 236 255]
 1,1	: [205 237 255]
 1,2	: [207 237 254]
 1,3	: [205 238 253]
 1,4	: [204 239 253]
 1,5	: [202 238 254]
 1,6	: [202 238 254]
 1,7	: [204 236 255]
 1,8	: [210 237 255]
 1,9	: [207 233 250]
 1,10	: [208 237 252]
 1,11	: [208 240 253]
 1,12	: [208 243 253]
 1,13	: [201 234 243]
 1,14	: [216 241 251]
 1,15	: [231 245 255]
 1,16	: [152 156 167]
 1,17	: [37 27 44]
 1,18	: [42 16 40]
 1,19	: [87 53 77]
 1,20	: [84 53 68]
 1,21	: [92 61 70]
 1,22	: [104  70  77]
 1,23	: [107  71  77]
 1,24	: [106  71  75]
 1,25	: [105  74  75]
 1,26	: [101  77  79]
 1,27	: [91 70 73]
 1,28	: [97 69 82]
 1,29	: [88 57 72]
 1,30	: [96 61 75]
 1,31	: [102  68  79]
 1,32	: [103  72  79]
 1,33	: [101  71  76]
 1,34	: [101  69  74]
 1,35	: [99 67 72]
 1,36	: [103  73  78]
 1,37	: [103  76  79]
 1,38	: [98 74 74]
 1,39	: [98 76 71]
 1,40	: [102  76  70]
 1,41	: [104  78  71]
 1,42	: [104  75  71]
 1,43	: [103  75  74]
 1,44	: [103  74  77]
 1,45	: [97 70 73]
 1,46	: [98 69 72]
 1,47	: [100  74  74]
 1,48	: [104  80  80]
 1,49	: [97 73 73]
 1,50	: [100  73  76]
 1,51	: [101  72  75]
 1,52	: [105  74  77]
 1,53	: [107  76  79]
 1,54	: [94 68 68]
 1,55	: [85 64 63]
 1,56	: [115  94  96]
 1,57	: [195 173 178]
 1,58	: [139 110 125]
 1,59	: [37 10 30]
 1,60	: [64 46 69]
 1,61	: [199 198 218]
 1,62	: [222 245 255]
 1,63	: [203 238 251]
 1,64	: [200 239 254]
 2,0	: [204 237 255]
 2,1	: [204 237 255]
 2,2	: [207 237 254]
 2,3	: [207 237 254]
 2,4	: [205 238 254]
 2,5	: [205 238 254]
 2,6	: [204 237 255]
 2,7	: [204 237 255]
 2,8	: [203 232 253]
 2,9	: [210 240 255]
 2,10	: [204 238 251]
 2,11	: [207 239 250]
 2,12	: [211 240 249]
 2,13	: [223 240 253]
 2,14	: [228 229 250]
 2,15	: [108  96 118]
 2,16	: [12  0 10]
 2,17	: [73 48 62]
 2,18	: [98 67 82]
 2,19	: [99 64 78]
 2,20	: [94 58 72]
 2,21	: [100  64  76]
 2,22	: [106  71  81]
 2,23	: [90 56 63]
 2,24	: [96 59 67]
 2,25	: [108  73  83]
 2,26	: [100  65  79]
 2,27	: [92 60 77]
 2,28	: [76 46 71]
 2,29	: [70 39 66]
 2,30	: [70 34 64]
 2,31	: [88 49 74]
 2,32	: [101  67  77]
 2,33	: [105  74  77]
 2,34	: [104  77  80]
 2,35	: [97 73 75]
 2,36	: [101  74  77]
 2,37	: [101  73  73]
 2,38	: [107  77  76]
 2,39	: [104  74  73]
 2,40	: [103  73  72]
 2,41	: [103  75  74]
 2,42	: [99 74 72]
 2,43	: [96 70 70]
 2,44	: [101  74  77]
 2,45	: [103  73  78]
 2,46	: [102  69  76]
 2,47	: [103  74  77]
 2,48	: [96 74 68]
 2,49	: [95 74 66]
 2,50	: [103  75  74]
 2,51	: [104  72  73]
 2,52	: [103  67  73]
 2,53	: [106  70  76]
 2,54	: [103  74  77]
 2,55	: [106  79  82]
 2,56	: [91 69 71]
 2,57	: [85 59 65]
 2,58	: [98 65 80]
 2,59	: [80 47 68]
 2,60	: [41 17 41]
 2,61	: [33 24 45]
 2,62	: [192 207 223]
 2,63	: [215 244 255]
 2,64	: [204 238 254]
 3,0	: [203 236 255]
 3,1	: [203 236 255]
 3,2	: [206 236 255]
 3,3	: [208 235 255]
 3,4	: [206 236 253]
 3,5	: [204 237 253]
 3,6	: [204 237 255]
 3,7	: [204 237 255]
 3,8	: [204 236 255]
 3,9	: [205 238 255]
 3,10	: [204 237 252]
 3,11	: [210 239 248]
 3,12	: [221 240 248]
 3,13	: [221 224 238]
 3,14	: [101  83 106]
 3,15	: [32  2 27]
 3,16	: [89 54 74]
 3,17	: [95 59 76]
 3,18	: [91 55 72]
 3,19	: [90 54 71]
 3,20	: [94 54 72]
 3,21	: [98 60 78]
 3,22	: [85 52 67]
 3,23	: [70 40 53]
 3,24	: [85 52 67]
 3,25	: [107  70  90]
 3,26	: [97 57 85]
 3,27	: [78 39 77]
 3,28	: [49 18 69]
 3,29	: [57 25 82]
 3,30	: [51 15 75]
 3,31	: [57 19 67]
 3,32	: [104  65  90]
 3,33	: [104  70  80]
 3,34	: [98 71 80]
 3,35	: [100  74  80]
 3,36	: [104  75  78]
 3,37	: [101  70  71]
 3,38	: [109  75  76]
 3,39	: [104  70  71]
 3,40	: [102  71  74]
 3,41	: [90 63 66]
 3,42	: [93 69 71]
 3,43	: [98 74 76]
 3,44	: [101  72  75]
 3,45	: [106  74  79]
 3,46	: [106  72  79]
 3,47	: [104  73  76]
 3,48	: [100  76  70]
 3,49	: [103  80  72]
 3,50	: [108  79  75]
 3,51	: [109  75  76]
 3,52	: [112  74  80]
 3,53	: [109  73  79]
 3,54	: [102  71  74]
 3,55	: [97 70 73]
 3,56	: [108  84  86]
 3,57	: [88 62 68]
 3,58	: [65 29 45]
 3,59	: [50 15 35]
 3,60	: [61 33 56]
 3,61	: [77 65 85]
 3,62	: [189 198 212]
 3,63	: [217 243 255]
 3,64	: [204 237 253]
 4,0	: [204 237 252]
 4,1	: [204 237 253]
 4,2	: [207 234 254]
 4,3	: [208 235 255]
 4,4	: [206 236 255]
 4,5	: [205 238 254]
 4,6	: [202 238 254]
 4,7	: [203 239 255]
 4,8	: [205 239 255]
 4,9	: [201 233 255]
 4,10	: [209 239 255]
 4,11	: [217 239 251]
 4,12	: [224 233 242]
 4,13	: [ 99  90 100]
 4,14	: [30  1 16]
 4,15	: [86 45 66]
 4,16	: [108  64  87]
 4,17	: [92 51 78]
 4,18	: [89 52 86]
 4,19	: [70 33 67]
 4,20	: [62 23 49]
 4,21	: [75 39 63]
 4,22	: [56 27 52]
 4,23	: [53 29 53]
 4,24	: [67 38 63]
 4,25	: [91 57 88]
 4,26	: [74 32 80]
 4,27	: [49  8 76]
 4,28	: [ 56  24 119]
 4,29	: [ 69  39 144]
 4,30	: [ 70  37 141]
 4,31	: [45 11 95]
 4,32	: [61 23 71]
 4,33	: [92 54 82]
 4,34	: [104  72  91]
 4,35	: [100  67  81]
 4,36	: [84 49 59]
 4,37	: [93 55 61]
 4,38	: [111  73  79]
 4,39	: [111  76  80]
 4,40	: [102  73  76]
 4,41	: [82 58 60]
 4,42	: [86 59 62]
 4,43	: [97 70 74]
 4,44	: [103  71  76]
 4,45	: [103  69  75]
 4,46	: [103  69  75]
 4,47	: [100  69  72]
 4,48	: [98 70 69]
 4,49	: [98 70 69]
 4,50	: [105  72  76]
 4,51	: [106  73  77]
 4,52	: [103  68  72]
 4,53	: [102  69  73]
 4,54	: [104  75  78]
 4,55	: [98 74 76]
 4,56	: [95 72 76]
 4,57	: [88 61 70]
 4,58	: [137 102 116]
 4,59	: [128  92 109]
 4,60	: [35  7 26]
 4,61	: [162 146 164]
 4,62	: [239 245 255]
 4,63	: [216 238 250]
 4,64	: [207 236 251]
 5,0	: [204 238 251]
 5,1	: [206 237 252]
 5,2	: [208 235 255]
 5,3	: [208 235 255]
 5,4	: [207 237 254]
 5,5	: [204 239 253]
 5,6	: [201 240 254]
 5,7	: [201 240 255]
 5,8	: [197 234 255]
 5,9	: [205 236 255]
 5,10	: [211 235 255]
 5,11	: [236 249 255]
 5,12	: [140 139 149]
 5,13	: [17  0 11]
 5,14	: [92 56 73]
 5,15	: [101  56  83]
 5,16	: [80 36 75]
 5,17	: [68 26 79]
 5,18	: [48 12 78]
 5,19	: [55 18 86]
 5,20	: [57 19 71]
 5,21	: [54 19 69]
 5,22	: [56 29 85]
 5,23	: [49 25 79]
 5,24	: [51 25 71]
 5,25	: [76 45 96]
 5,26	: [52 10 81]
 5,27	: [ 59  18 115]
 5,28	: [ 75  44 175]
 5,29	: [ 68  43 187]
 5,30	: [ 69  43 183]
 5,31	: [ 53  24 141]
 5,32	: [39  3 80]
 5,33	: [66 29 79]
 5,34	: [89 53 89]
 5,35	: [98 61 87]
 5,36	: [72 33 54]
 5,37	: [67 29 47]
 5,38	: [83 46 66]
 5,39	: [95 61 78]
 5,40	: [100  71  86]
 5,41	: [85 59 72]
 5,42	: [69 41 54]
 5,43	: [72 42 55]
 5,44	: [93 57 73]
 5,45	: [105  71  82]
 5,46	: [105  72  79]
 5,47	: [93 61 66]
 5,48	: [95 62 69]
 5,49	: [101  68  75]
 5,50	: [101  67  77]
 5,51	: [104  70  77]
 5,52	: [107  73  79]
 5,53	: [105  74  77]
 5,54	: [102  73  76]
 5,55	: [98 71 74]
 5,56	: [103  78  82]
 5,57	: [89 63 69]
 5,58	: [115  81  91]
 5,59	: [160 125 139]
 5,60	: [111  82  97]
 5,61	: [14  0 11]
 5,62	: [151 150 166]
 5,63	: [229 239 255]
 5,64	: [215 238 253]
 6,0	: [206 238 251]
 6,1	: [207 238 253]
 6,2	: [209 236 255]
 6,3	: [209 236 255]
 6,4	: [205 238 254]
 6,5	: [202 240 252]
 6,6	: [198 241 250]
 6,7	: [198 240 253]
 6,8	: [201 236 255]
 6,9	: [208 234 255]
 6,10	: [217 231 254]
 6,11	: [219 220 240]
 6,12	: [40 30 46]
 6,13	: [63 41 60]
 6,14	: [91 55 85]
 6,15	: [68 29 74]
 6,16	: [46 11 78]
 6,17	: [ 45  12 103]
 6,18	: [ 55  20 136]
 6,19	: [ 78  43 161]
 6,20	: [ 56  18 116]
 6,21	: [30  0 89]
 6,22	: [ 64  32 141]
 6,23	: [ 77  48 151]
 6,24	: [42 15 95]
 6,25	: [50 22 98]
 6,26	: [ 47  10 104]
 6,27	: [ 86  51 171]
 6,28	: [ 70  47 205]
 6,29	: [ 54  37 212]
 6,30	: [ 61  43 214]
 6,31	: [ 76  54 203]
 6,32	: [ 64  35 144]
 6,33	: [42 10 87]
 6,34	: [48 16 70]
 6,35	: [72 38 79]
 6,36	: [70 33 71]
 6,37	: [57 22 62]
 6,38	: [55 19 65]
 6,39	: [59 26 71]
 6,40	: [81 50 89]
 6,41	: [76 47 80]
 6,42	: [57 27 56]
 6,43	: [54 23 50]
 6,44	: [68 34 64]
 6,45	: [90 55 81]
 6,46	: [102  69  84]
 6,47	: [81 49 60]
 6,48	: [76 41 55]
 6,49	: [97 61 77]
 6,50	: [96 60 76]
 6,51	: [90 55 69]
 6,52	: [97 62 72]
 6,53	: [102  68  75]
 6,54	: [104  73  76]
 6,55	: [101  72  75]
 6,56	: [98 71 74]
 6,57	: [104  80  82]
 6,58	: [95 68 71]
 6,59	: [90 63 67]
 6,60	: [144 117 126]
 6,61	: [87 64 78]
 6,62	: [37 25 45]
 6,63	: [197 195 215]
 6,64	: [229 239 255]
 7,0	: [205 238 253]
 7,1	: [207 237 254]
 7,2	: [209 236 255]
 7,3	: [209 236 255]
 7,4	: [205 238 253]
 7,5	: [202 240 252]
 7,6	: [197 240 249]
 7,7	: [197 239 252]
 7,8	: [204 239 255]
 7,9	: [207 231 255]
 7,10	: [233 239 255]
 7,11	: [153 147 170]
 7,12	: [37 21 45]
 7,13	: [67 42 76]
 7,14	: [62 28 82]
 7,15	: [43  7 84]
 7,16	: [ 49  19 126]
 7,17	: [ 72  43 176]
 7,18	: [ 68  39 188]
 7,19	: [ 78  49 196]
 7,20	: [ 62  30 155]
 7,21	: [ 36   4 123]
 7,22	: [ 75  44 177]
 7,23	: [ 76  48 172]
 7,24	: [ 50  28 117]
 7,25	: [15  0 72]
 7,26	: [26  0 88]
 7,27	: [ 60  35 145]
 7,28	: [ 35  22 162]
 7,29	: [ 26  18 172]
 7,30	: [ 29  18 174]
 7,31	: [ 34  21 159]
 7,32	: [ 51  33 140]
 7,33	: [ 44  22 104]
 7,34	: [47 22 82]
 7,35	: [35  9 57]
 7,36	: [35  6 56]
 7,37	: [56 24 81]
 7,38	: [ 68  36 101]
 7,39	: [59 27 92]
 7,40	: [55 23 82]
 7,41	: [53 23 76]
 7,42	: [53 21 75]
 7,43	: [59 27 81]
 7,44	: [47 15 70]
 7,45	: [54 22 71]
 7,46	: [83 50 85]
 7,47	: [70 36 67]
 7,48	: [59 26 60]
 7,49	: [58 25 60]
 7,50	: [68 35 70]
 7,51	: [87 53 84]
 7,52	: [93 57 81]
 7,53	: [94 57 73]
 7,54	: [104  67  77]
 7,55	: [101  67  73]
 7,56	: [103  74  77]
 7,57	: [98 72 72]
 7,58	: [102  76  76]
 7,59	: [101  74  77]
 7,60	: [93 65 71]
 7,61	: [135 109 122]
 7,62	: [57 31 54]
 7,63	: [ 93  77 100]
 7,64	: [238 237 253]
 8,0	: [203 236 255]
 8,1	: [205 236 255]
 8,2	: [210 237 255]
 8,3	: [209 236 255]
 8,4	: [206 237 252]
 8,5	: [203 238 251]
 8,6	: [198 240 253]
 8,7	: [197 237 255]
 8,8	: [202 234 255]
 8,9	: [209 230 252]
 8,10	: [239 243 255]
 8,11	: [113 103 126]
 8,12	: [43 23 58]
 8,13	: [54 27 83]
 8,14	: [41  9 98]
 8,15	: [ 55  24 147]
 8,16	: [ 68  40 199]
 8,17	: [ 59  36 210]
 8,18	: [ 66  45 214]
 8,19	: [ 51  30 186]
 8,20	: [ 54  31 163]
 8,21	: [ 45  21 145]
 8,22	: [ 53  29 159]
 8,23	: [ 83  60 176]
 8,24	: [124 108 185]
 8,25	: [123 108 166]
 8,26	: [139 121 182]
 8,27	: [154 141 209]
 8,28	: [138 138 216]
 8,29	: [133 137 220]
 8,30	: [134 132 222]
 8,31	: [140 135 220]
 8,32	: [145 141 213]
 8,33	: [143 138 199]
 8,34	: [131 124 175]
 8,35	: [121 110 160]
 8,36	: [ 98  82 143]
 8,37	: [ 86  65 134]
 8,38	: [ 71  45 123]
 8,39	: [ 50  21 101]
 8,40	: [ 56  26 101]
 8,41	: [53 23 98]
 8,42	: [42 12 95]
 8,43	: [ 52  23 109]
 8,44	: [ 70  39 132]
 8,45	: [ 50  17 102]
 8,46	: [45  9 79]
 8,47	: [52 18 79]
 8,48	: [50 20 85]
 8,49	: [52 24 90]
 8,50	: [42 15 79]
 8,51	: [56 24 81]
 8,52	: [68 31 77]
 8,53	: [90 49 81]
 8,54	: [99 57 75]
 8,55	: [101  60  68]
 8,56	: [106  72  78]
 8,57	: [101  72  75]
 8,58	: [96 72 74]
 8,59	: [101  76  80]
 8,60	: [93 62 69]
 8,61	: [109  77  88]
 8,62	: [117  82 102]
 8,63	: [37  6 27]
 8,64	: [191 173 190]
 9,0	: [199 236 255]
 9,1	: [202 237 255]
 9,2	: [209 236 255]
 9,3	: [211 236 255]
 9,4	: [209 238 252]
 9,5	: [207 239 252]
 9,6	: [202 238 254]
 9,7	: [199 237 255]
 9,8	: [201 232 255]
 9,9	: [214 235 255]
 9,10	: [237 241 255]
 9,11	: [101  91 114]
 9,12	: [33 14 53]
 9,13	: [36 12 77]
 9,14	: [ 57  30 134]
 9,15	: [ 73  47 184]
 9,16	: [ 62  39 201]
 9,17	: [ 40  20 186]
 9,18	: [ 39  24 169]
 9,19	: [ 86  72 198]
 9,20	: [131 116 221]
 9,21	: [153 136 233]
 9,22	: [182 167 255]
 9,23	: [203 189 255]
 9,24	: [223 214 255]
 9,25	: [239 232 255]
 9,26	: [247 237 255]
 9,27	: [239 235 255]
 9,28	: [232 239 255]
 9,29	: [231 240 255]
 9,30	: [234 236 255]
 9,31	: [235 234 255]
 9,32	: [233 233 255]
 9,33	: [234 236 255]
 9,34	: [227 228 255]
 9,35	: [232 228 255]
 9,36	: [225 216 255]
 9,37	: [215 200 255]
 9,38	: [199 182 246]
 9,39	: [163 142 210]
 9,40	: [135 113 178]
 9,41	: [ 67  45 117]
 9,42	: [ 41  17 105]
 9,43	: [ 75  48 151]
 9,44	: [ 90  61 176]
 9,45	: [ 78  45 159]
 9,46	: [ 47  13 114]
 9,47	: [ 42   8 108]
 9,48	: [16  0 91]
 9,49	: [ 68  42 150]
 9,50	: [ 60  36 144]
 9,51	: [ 49  21 121]
 9,52	: [46 12 96]
 9,53	: [53 16 80]
 9,54	: [78 36 77]
 9,55	: [90 50 75]
 9,56	: [97 60 76]
 9,57	: [94 63 72]
 9,58	: [102  74  80]
 9,59	: [96 70 76]
 9,60	: [105  75  80]
 9,61	: [86 53 60]
 9,62	: [128  92 106]
 9,63	: [77 41 57]
 9,64	: [100  71  87]
 10,0	: [196 238 255]
 10,1	: [200 237 255]
 10,2	: [206 235 255]
 10,3	: [210 236 253]
 10,4	: [212 237 253]
 10,5	: [212 239 253]
 10,6	: [205 238 254]
 10,7	: [202 235 254]
 10,8	: [203 235 254]
 10,9	: [208 232 250]
 10,10	: [238 245 255]
 10,11	: [113 107 130]
 10,12	: [29 14 52]
 10,13	: [49 30 93]
 10,14	: [ 76  57 154]
 10,15	: [ 48  29 145]
 10,16	: [ 78  59 176]
 10,17	: [146 129 234]
 10,18	: [177 165 241]
 10,19	: [214 205 255]
 10,20	: [237 230 255]
 10,21	: [245 238 255]
 10,22	: [248 244 255]
 10,23	: [250 247 255]
 10,24	: [251 251 255]
 10,25	: [253 253 255]
 10,26	: [250 249 255]
 10,27	: [249 251 255]
 10,28	: [243 252 255]
 10,29	: [240 248 255]
 10,30	: [250 251 255]
 10,31	: [247 244 255]
 10,32	: [253 253 255]
 10,33	: [249 249 255]
 10,34	: [251 251 255]
 10,35	: [251 250 255]
 10,36	: [250 244 255]
 10,37	: [254 245 255]
 10,38	: [255 247 255]
 10,39	: [249 240 255]
 10,40	: [232 227 255]
 10,41	: [200 193 236]
 10,42	: [168 154 225]
 10,43	: [120 100 195]
 10,44	: [ 56  29 149]
 10,45	: [ 70  39 172]
 10,46	: [ 82  52 189]
 10,47	: [ 53  23 166]
 10,48	: [ 41  13 166]
 10,49	: [ 58  32 192]
 10,50	: [ 61  37 203]
 10,51	: [ 73  50 208]
 10,52	: [ 45  19 157]
 10,53	: [ 51  19 130]
 10,54	: [41  5 81]
 10,55	: [59 22 72]
 10,56	: [75 41 72]
 10,57	: [92 60 79]
 10,58	: [88 58 71]
 10,59	: [96 68 74]
 10,60	: [107  77  82]
 10,61	: [93 64 67]
 10,62	: [96 65 72]
 10,63	: [120  88  99]
 10,64	: [45 12 27]
 11,0	: [195 238 255]
 11,1	: [200 238 255]
 11,2	: [207 237 255]
 11,3	: [210 235 255]
 11,4	: [213 236 252]
 11,5	: [212 237 253]
 11,6	: [207 238 253]
 11,7	: [203 237 253]
 11,8	: [205 238 254]
 11,9	: [213 239 255]
 11,10	: [222 232 249]
 11,11	: [161 159 181]
 11,12	: [11  0 33]
 11,13	: [ 65  52 104]
 11,14	: [117 106 179]
 11,15	: [185 176 255]
 11,16	: [216 205 255]
 11,17	: [235 226 255]
 11,18	: [246 240 255]
 11,19	: [253 250 255]
 11,20	: [250 246 255]
 11,21	: [254 251 255]
 11,22	: [248 249 253]
 11,23	: [247 249 249]
 11,24	: [255 255 252]
 11,25	: [246 248 242]
 11,26	: [255 255 254]
 11,27	: [253 255 254]
 11,28	: [246 252 247]
 11,29	: [253 255 252]
 11,30	: [255 251 253]
 11,31	: [255 253 255]
 11,32	: [255 255 252]
 11,33	: [255 251 250]
 11,34	: [252 248 253]
 11,35	: [255 252 255]
 11,36	: [255 251 255]
 11,37	: [255 252 255]
 11,38	: [255 251 255]
 11,39	: [250 249 253]
 11,40	: [249 251 255]
 11,41	: [245 246 255]
 11,42	: [240 235 255]
 11,43	: [224 211 255]
 11,44	: [199 180 255]
 11,45	: [118  95 209]
 11,46	: [ 47  29 154]
 11,47	: [ 57  38 179]
 11,48	: [ 63  40 202]
 11,49	: [ 62  37 217]
 11,50	: [ 54  32 228]
 11,51	: [ 45  25 221]
 11,52	: [ 61  39 221]
 11,53	: [ 54  30 184]
 11,54	: [ 61  34 151]
 11,55	: [ 51  20 105]
 11,56	: [44 14 73]
 11,57	: [77 46 85]
 11,58	: [85 53 78]
 11,59	: [93 63 76]
 11,60	: [100  70  75]
 11,61	: [92 65 68]
 11,62	: [84 58 64]
 11,63	: [119  92 102]
 11,64	: [60 24 40]
 12,0	: [199 238 252]
 12,1	: [202 238 254]
 12,2	: [205 237 255]
 12,3	: [208 235 255]
 12,4	: [211 235 255]
 12,5	: [210 236 253]
 12,6	: [207 238 253]
 12,7	: [205 238 253]
 12,8	: [203 238 252]
 12,9	: [207 236 251]
 12,10	: [225 239 255]
 12,11	: [224 227 248]
 12,12	: [28 22 47]
 12,13	: [100  92 123]
 12,14	: [235 230 255]
 12,15	: [241 241 255]
 12,16	: [246 247 255]
 12,17	: [243 244 255]
 12,18	: [253 252 255]
 12,19	: [255 252 255]
 12,20	: [249 245 255]
 12,21	: [254 250 255]
 12,22	: [253 253 255]
 12,23	: [255 254 255]
 12,24	: [254 252 252]
 12,25	: [255 254 255]
 12,26	: [255 252 253]
 12,27	: [251 246 248]
 12,28	: [255 254 255]
 12,29	: [255 251 255]
 12,30	: [255 244 252]
 12,31	: [250 233 244]
 12,32	: [248 231 244]
 12,33	: [255 244 255]
 12,34	: [252 242 254]
 12,35	: [255 250 255]
 12,36	: [255 252 255]
 12,37	: [255 252 255]
 12,38	: [255 251 255]
 12,39	: [255 254 255]
 12,40	: [250 254 255]
 12,41	: [251 254 255]
 12,42	: [253 252 255]
 12,43	: [250 248 255]
 12,44	: [245 239 255]
 12,45	: [227 224 255]
 12,46	: [190 191 255]
 12,47	: [ 97  96 190]
 12,48	: [ 46  31 166]
 12,49	: [ 55  35 202]
 12,50	: [ 41  21 218]
 12,51	: [ 46  27 238]
 12,52	: [ 39  21 234]
 12,53	: [ 52  34 231]
 12,54	: [ 54  35 198]
 12,55	: [ 56  33 165]
 12,56	: [ 50  26 126]
 12,57	: [33  5 75]
 12,58	: [71 41 84]
 12,59	: [87 55 79]
 12,60	: [93 61 72]
 12,61	: [96 68 74]
 12,62	: [81 57 67]
 12,63	: [93 68 82]
 12,64	: [90 55 75]
 13,0	: [204 238 251]
 13,1	: [205 238 253]
 13,2	: [205 237 255]
 13,3	: [206 235 255]
 13,4	: [207 234 255]
 13,5	: [208 235 255]
 13,6	: [205 238 254]
 13,7	: [205 238 253]
 13,8	: [201 236 250]
 13,9	: [209 238 253]
 13,10	: [218 234 251]
 13,11	: [237 243 255]
 13,12	: [118 114 133]
 13,13	: [13  5 22]
 13,14	: [222 219 235]
 13,15	: [247 247 255]
 13,16	: [246 250 255]
 13,17	: [251 255 255]
 13,18	: [253 253 253]
 13,19	: [252 249 251]
 13,20	: [255 252 255]
 13,21	: [255 251 255]
 13,22	: [251 250 255]
 13,23	: [247 246 255]
 13,24	: [245 240 249]
 13,25	: [216 211 220]
 13,26	: [169 164 173]
 13,27	: [126 122 133]
 13,28	: [100  99 109]
 13,29	: [60 56 68]
 13,30	: [63 51 69]
 13,31	: [58 45 67]
 13,32	: [45 32 56]
 13,33	: [45 35 58]
 13,34	: [64 58 77]
 13,35	: [83 80 95]
 13,36	: [116 114 126]
 13,37	: [157 156 166]
 13,38	: [183 182 192]
 13,39	: [230 229 238]
 13,40	: [248 247 251]
 13,41	: [253 253 253]
 13,42	: [255 252 248]
 13,43	: [255 255 254]
 13,44	: [250 250 255]
 13,45	: [245 248 255]
 13,46	: [234 242 255]
 13,47	: [222 226 255]
 13,48	: [178 171 255]
 13,49	: [ 83  70 198]
 13,50	: [ 40  23 190]
 13,51	: [ 43  26 221]
 13,52	: [ 37  19 232]
 13,53	: [ 43  25 238]
 13,54	: [ 50  32 229]
 13,55	: [ 60  41 214]
 13,56	: [ 62  42 185]
 13,57	: [ 44  19 131]
 13,58	: [36  4 81]
 13,59	: [67 31 78]
 13,60	: [92 56 80]
 13,61	: [98 63 77]
 13,62	: [89 60 75]
 13,63	: [84 55 71]
 13,64	: [100  64  86]
 14,0	: [213 236 251]
 14,1	: [211 237 253]
 14,2	: [205 238 254]
 14,3	: [203 236 255]
 14,4	: [203 235 255]
 14,5	: [204 236 255]
 14,6	: [204 237 255]
 14,7	: [204 238 254]
 14,8	: [208 242 255]
 14,9	: [205 234 249]
 14,10	: [218 237 252]
 14,11	: [233 240 255]
 14,12	: [61 56 71]
 14,13	: [57 47 59]
 14,14	: [243 235 242]
 14,15	: [255 253 255]
 14,16	: [251 248 250]
 14,17	: [255 254 255]
 14,18	: [255 254 255]
 14,19	: [255 252 253]
 14,20	: [253 248 250]
 14,21	: [222 218 224]
 14,22	: [161 159 171]
 14,23	: [ 86  85 101]
 14,24	: [47 45 64]
 14,25	: [ 7  5 25]
 14,26	: [10 11 32]
 14,27	: [18 23 44]
 14,28	: [41 55 74]
 14,29	: [ 66  80 102]
 14,30	: [ 82  88 117]
 14,31	: [107 112 143]
 14,32	: [115 120 151]
 14,33	: [ 90  98 127]
 14,34	: [ 88  97 124]
 14,35	: [53 66 88]
 14,36	: [25 38 60]
 14,37	: [ 7 18 38]
 14,38	: [ 3  8 29]
 14,39	: [34 34 52]
 14,40	: [83 76 89]
 14,41	: [171 160 170]
 14,42	: [219 208 216]
 14,43	: [255 249 254]
 14,44	: [254 250 255]
 14,45	: [253 252 255]
 14,46	: [250 251 255]
 14,47	: [245 247 255]
 14,48	: [240 239 255]
 14,49	: [224 218 255]
 14,50	: [136 123 231]
 14,51	: [ 58  40 187]
 14,52	: [ 46  27 208]
 14,53	: [ 41  21 224]
 14,54	: [ 42  22 235]
 14,55	: [ 47  28 237]
 14,56	: [ 49  28 221]
 14,57	: [ 61  36 200]
 14,58	: [ 60  25 146]
 14,59	: [43  3 85]
 14,60	: [74 31 76]
 14,61	: [99 55 78]
 14,62	: [99 57 74]
 14,63	: [94 55 71]
 14,64	: [56 17 39]
 15,0	: [214 237 252]
 15,1	: [212 237 253]
 15,2	: [204 237 253]
 15,3	: [200 236 254]
 15,4	: [201 236 255]
 15,5	: [202 236 255]
 15,6	: [205 236 255]
 15,7	: [204 236 255]
 15,8	: [205 235 252]
 15,9	: [211 238 252]
 15,10	: [227 243 255]
 15,11	: [119 127 140]
 15,12	: [16 12 23]
 15,13	: [224 213 221]
 15,14	: [255 253 255]
 15,15	: [255 251 254]
 15,16	: [255 251 255]
 15,17	: [255 252 255]
 15,18	: [234 223 231]
 15,19	: [181 174 179]
 15,20	: [103  99 105]
 15,21	: [17 18 28]
 15,22	: [ 4  8 27]
 15,23	: [50 54 79]
 15,24	: [102 105 133]
 15,25	: [157 159 189]
 15,26	: [184 189 220]
 15,27	: [209 223 252]
 15,28	: [198 225 252]
 15,29	: [195 225 254]
 15,30	: [192 216 252]
 15,31	: [196 217 255]
 15,32	: [194 216 252]
 15,33	: [196 218 254]
 15,34	: [193 218 252]
 15,35	: [196 221 255]
 15,36	: [199 224 255]
 15,37	: [172 195 227]
 15,38	: [170 186 215]
 15,39	: [135 142 169]
 15,40	: [59 57 79]
 15,41	: [20 14 33]
 15,42	: [20 12 29]
 15,43	: [106 102 114]
 15,44	: [183 182 192]
 15,45	: [241 239 245]
 15,46	: [253 250 252]
 15,47	: [255 254 255]
 15,48	: [247 247 253]
 15,49	: [250 247 255]
 15,50	: [242 232 255]
 15,51	: [192 178 255]
 15,52	: [ 75  60 195]
 15,53	: [ 51  34 202]
 15,54	: [ 40  25 223]
 15,55	: [ 40  24 239]
 15,56	: [ 43  22 239]
 15,57	: [ 52  25 223]
 15,58	: [ 68  34 195]
 15,59	: [ 57  16 137]
 15,60	: [50  7 80]
 15,61	: [81 37 76]
 15,62	: [101  54  80]
 15,63	: [87 45 62]
 15,64	: [51 14 34]
 16,0	: [210 239 254]
 16,1	: [205 236 251]
 16,2	: [206 237 252]
 16,3	: [204 237 253]
 16,4	: [202 238 255]
 16,5	: [205 238 255]
 16,6	: [208 235 255]
 16,7	: [211 237 254]
 16,8	: [214 237 253]
 16,9	: [219 238 253]
 16,10	: [217 230 246]
 16,11	: [ 9 17 30]
 16,12	: [121 117 128]
 16,13	: [255 251 255]
 16,14	: [255 253 255]
 16,15	: [255 252 255]
 16,16	: [224 209 223]
 16,17	: [171 152 171]
 16,18	: [65 46 63]
 16,19	: [13  0 16]
 16,20	: [47 49 67]
 16,21	: [123 136 158]
 16,22	: [178 192 221]
 16,23	: [205 219 255]
 16,24	: [213 222 255]
 16,25	: [210 218 255]
 16,26	: [205 218 255]
 16,27	: [200 222 255]
 16,28	: [172 209 243]
 16,29	: [159 201 236]
 16,30	: [171 207 247]
 16,31	: [171 205 248]
 16,32	: [172 206 249]
 16,33	: [171 204 249]
 16,34	: [168 204 250]
 16,35	: [168 204 250]
 16,36	: [166 202 248]
 16,37	: [170 204 247]
 16,38	: [183 210 247]
 16,39	: [195 217 252]
 16,40	: [206 222 251]
 16,41	: [185 197 225]
 16,42	: [126 137 164]
 16,43	: [49 57 80]
 16,44	: [11 15 33]
 16,45	: [60 60 72]
 16,46	: [179 171 178]
 16,47	: [252 245 248]
 16,48	: [254 253 255]
 16,49	: [252 251 255]
 16,50	: [252 243 255]
 16,51	: [244 234 255]
 16,52	: [208 204 255]
 16,53	: [109 103 214]
 16,54	: [ 42  33 190]
 16,55	: [ 40  27 219]
 16,56	: [ 45  25 238]
 16,57	: [ 48  22 236]
 16,58	: [ 61  31 226]
 16,59	: [ 68  36 195]
 16,60	: [ 50  17 121]
 16,61	: [49 15 76]
 16,62	: [78 35 72]
 16,63	: [56 20 37]
 16,64	: [117  95 107]
 17,0	: [204 237 252]
 17,1	: [203 236 251]
 17,2	: [206 239 254]
 17,3	: [206 239 255]
 17,4	: [203 236 252]
 17,5	: [204 237 253]
 17,6	: [212 238 255]
 17,7	: [212 237 253]
 17,8	: [210 233 249]
 17,9	: [226 245 255]
 17,10	: [157 168 182]
 17,11	: [10 13 27]
 17,12	: [216 206 218]
 17,13	: [255 251 255]
 17,14	: [246 232 236]
 17,15	: [152 135 144]
 17,16	: [62 38 56]
 17,17	: [36 10 33]
 17,18	: [27  6 28]
 17,19	: [81 72 93]
 17,20	: [190 202 226]
 17,21	: [204 226 254]
 17,22	: [188 207 244]
 17,23	: [197 213 255]
 17,24	: [188 200 242]
 17,25	: [150 162 204]
 17,26	: [128 143 182]
 17,27	: [118 140 176]
 17,28	: [153 189 225]
 17,29	: [186 228 255]
 17,30	: [166 204 246]
 17,31	: [169 206 250]
 17,32	: [167 208 253]
 17,33	: [165 207 252]
 17,34	: [161 204 253]
 17,35	: [161 204 255]
 17,36	: [164 204 255]
 17,37	: [166 206 254]
 17,38	: [169 206 250]
 17,39	: [171 207 245]
 17,40	: [169 201 237]
 17,41	: [177 205 240]
 17,42	: [195 219 255]
 17,43	: [208 227 255]
 17,44	: [155 167 195]
 17,45	: [70 76 99]
 17,46	: [11 10 26]
 17,47	: [74 70 81]
 17,48	: [191 191 197]
 17,49	: [255 254 255]
 17,50	: [255 253 255]
 17,51	: [248 241 255]
 17,52	: [245 244 255]
 17,53	: [222 221 255]
 17,54	: [139 133 242]
 17,55	: [ 52  41 191]
 17,56	: [ 39  22 210]
 17,57	: [ 47  25 233]
 17,58	: [ 44  19 229]
 17,59	: [ 57  31 215]
 17,60	: [ 63  38 166]
 17,61	: [44 18 96]
 17,62	: [46 19 53]
 17,63	: [54 36 37]
 17,64	: [191 192 176]
 18,0	: [205 236 251]
 18,1	: [207 240 255]
 18,2	: [205 238 254]
 18,3	: [203 235 254]
 18,4	: [210 240 255]
 18,5	: [213 240 255]
 18,6	: [211 237 254]
 18,7	: [211 237 253]
 18,8	: [207 236 250]
 18,9	: [225 249 255]
 18,10	: [140 151 165]
 18,11	: [13  8 23]
 18,12	: [232 209 223]
 18,13	: [202 172 185]
 18,14	: [98 68 79]
 18,15	: [33  1 12]
 18,16	: [75 35 47]
 18,17	: [101  65  81]
 18,18	: [34 18 36]
 18,19	: [102 105 126]
 18,20	: [205 228 254]
 18,21	: [175 204 235]
 18,22	: [188 209 247]
 18,23	: [155 170 209]
 18,24	: [ 59  70 108]
 18,25	: [21 30 67]
 18,26	: [22 31 64]
 18,27	: [36 51 83]
 18,28	: [41 66 98]
 18,29	: [106 136 171]
 18,30	: [185 213 254]
 18,31	: [168 202 245]
 18,32	: [162 204 247]
 18,33	: [163 208 251]
 18,34	: [164 208 255]
 18,35	: [165 206 255]
 18,36	: [164 205 254]
 18,37	: [165 206 255]
 18,38	: [162 207 251]
 18,39	: [160 205 248]
 18,40	: [169 212 255]
 18,41	: [160 202 245]
 18,42	: [168 202 248]
 18,43	: [175 204 249]
 18,44	: [188 212 254]
 18,45	: [201 220 255]
 18,46	: [145 160 192]
 18,47	: [46 56 80]
 18,48	: [14 14 30]
 18,49	: [106 102 114]
 18,50	: [241 232 245]
 18,51	: [255 248 255]
 18,52	: [250 246 255]
 18,53	: [249 245 255]
 18,54	: [238 231 255]
 18,55	: [164 154 244]
 18,56	: [ 62  49 189]
 18,57	: [ 40  23 204]
 18,58	: [ 53  33 240]
 18,59	: [ 47  27 223]
 18,60	: [ 66  45 191]
 18,61	: [ 57  40 127]
 18,62	: [20 14 33]
 18,63	: [120 131  99]
 18,64	: [165 199 134]
 19,0	: [209 240 255]
 19,1	: [204 237 253]
 19,2	: [201 234 253]
 19,3	: [206 239 255]
 19,4	: [211 240 255]
 19,5	: [206 233 253]
 19,6	: [204 233 248]
 19,7	: [204 236 249]
 19,8	: [206 241 251]
 19,9	: [213 242 251]
 19,10	: [200 212 224]
 19,11	: [33 26 41]
 19,12	: [69 43 59]
 19,13	: [64 28 44]
 19,14	: [54 21 35]
 19,15	: [99 63 75]
 19,16	: [124  81  94]
 19,17	: [77 44 59]
 19,18	: [45 36 56]
 19,19	: [155 167 191]
 19,20	: [189 218 249]
 19,21	: [167 201 237]
 19,22	: [182 204 245]
 19,23	: [ 3 21 62]
 19,24	: [ 5 23 60]
 19,25	: [108 125 158]
 19,26	: [171 185 214]
 19,27	: [177 193 222]
 19,28	: [112 133 165]
 19,29	: [22 46 82]
 19,30	: [112 134 175]
 19,31	: [196 225 255]
 19,32	: [163 205 247]
 19,33	: [161 209 251]
 19,34	: [166 208 253]
 19,35	: [166 206 254]
 19,36	: [165 205 253]
 19,37	: [165 207 254]
 19,38	: [162 208 255]
 19,39	: [160 209 255]
 19,40	: [159 209 255]
 19,41	: [161 210 255]
 19,42	: [168 208 255]
 19,43	: [168 203 253]
 19,44	: [165 197 246]
 19,45	: [174 203 247]
 19,46	: [190 217 254]
 19,47	: [199 220 251]
 19,48	: [114 121 146]
 19,49	: [ 0  0 19]
 19,50	: [58 54 73]
 19,51	: [197 192 207]
 19,52	: [255 252 255]
 19,53	: [252 245 252]
 19,54	: [255 246 255]
 19,55	: [247 237 255]
 19,56	: [176 167 255]
 19,57	: [ 60  50 186]
 19,58	: [ 37  23 201]
 19,59	: [ 53  37 215]
 19,60	: [ 70  53 188]
 19,61	: [ 38  28 104]
 19,62	: [40 48 47]
 19,63	: [178 206 147]
 19,64	: [126 178  84]
 20,0	: [204 237 252]
 20,1	: [206 240 255]
 20,2	: [205 240 255]
 20,3	: [203 238 255]
 20,4	: [199 230 251]
 20,5	: [202 234 253]
 20,6	: [208 243 255]
 20,7	: [202 239 247]
 20,8	: [198 238 243]
 20,9	: [209 241 247]
 20,10	: [226 242 254]
 20,11	: [186 186 202]
 20,12	: [82 66 83]
 20,13	: [45 19 37]
 20,14	: [85 56 71]
 20,15	: [103  72  87]
 20,16	: [98 66 83]
 20,17	: [41 21 40]
 20,18	: [ 78  79 105]
 20,19	: [201 219 250]
 20,20	: [179 208 247]
 20,21	: [172 204 247]
 20,22	: [177 201 247]
 20,23	: [103 126 171]
 20,24	: [146 177 216]
 20,25	: [188 220 255]
 20,26	: [189 217 251]
 20,27	: [192 219 253]
 20,28	: [201 227 255]
 20,29	: [156 182 219]
 20,30	: [ 70  89 132]
 20,31	: [163 188 232]
 20,32	: [170 212 254]
 20,33	: [163 208 251]
 20,34	: [165 204 249]
 20,35	: [168 204 250]
 20,36	: [173 207 253]
 20,37	: [169 208 253]
 20,38	: [165 207 252]
 20,39	: [161 208 252]
 20,40	: [155 204 250]
 20,41	: [161 210 255]
 20,42	: [160 203 254]
 20,43	: [163 203 252]
 20,44	: [178 214 255]
 20,45	: [171 205 248]
 20,46	: [163 200 234]
 20,47	: [171 202 233]
 20,48	: [189 210 241]
 20,49	: [167 181 209]
 20,50	: [53 57 85]
 20,51	: [10  9 29]
 20,52	: [154 151 160]
 20,53	: [255 250 255]
 20,54	: [255 246 255]
 20,55	: [251 242 255]
 20,56	: [241 237 255]
 20,57	: [182 178 253]
 20,58	: [ 69  58 182]
 20,59	: [ 51  37 169]
 20,60	: [ 64  50 151]
 20,61	: [ 4  1 47]
 20,62	: [147 164 137]
 20,63	: [146 182 105]
 20,64	: [ 95 151  46]
 21,0	: [207 238 253]
 21,1	: [207 240 255]
 21,2	: [198 231 251]
 21,3	: [201 234 254]
 21,4	: [211 241 255]
 21,5	: [208 238 255]
 21,6	: [207 239 250]
 21,7	: [203 237 243]
 21,8	: [210 242 248]
 21,9	: [209 235 242]
 21,10	: [220 233 247]
 21,11	: [248 248 255]
 21,12	: [189 178 198]
 21,13	: [25  5 24]
 21,14	: [82 55 71]
 21,15	: [99 72 88]
 21,16	: [79 56 78]
 21,17	: [38 26 54]
 21,18	: [121 130 163]
 21,19	: [200 223 255]
 21,20	: [169 198 243]
 21,21	: [174 206 255]
 21,22	: [179 205 252]
 21,23	: [189 218 255]
 21,24	: [179 215 255]
 21,25	: [167 207 242]
 21,26	: [168 204 240]
 21,27	: [170 204 240]
 21,28	: [171 203 244]
 21,29	: [188 218 255]
 21,30	: [173 198 242]
 21,31	: [155 184 228]
 21,32	: [169 211 254]
 21,33	: [164 206 251]
 21,34	: [166 205 250]
 21,35	: [170 206 252]
 21,36	: [172 206 252]
 21,37	: [169 206 250]
 21,38	: [164 207 250]
 21,39	: [161 209 251]
 21,40	: [165 212 255]
 21,41	: [159 205 252]
 21,42	: [165 207 254]
 21,43	: [168 207 252]
 21,44	: [170 204 247]
 21,45	: [173 204 243]
 21,46	: [196 225 255]
 21,47	: [194 222 252]
 21,48	: [193 216 248]
 21,49	: [208 228 255]
 21,50	: [182 196 225]
 21,51	: [ 88  98 122]
 21,52	: [ 0  3 18]
 21,53	: [105 104 114]
 21,54	: [252 241 249]
 21,55	: [255 247 255]
 21,56	: [250 244 255]
 21,57	: [238 235 255]
 21,58	: [184 177 252]
 21,59	: [ 96  89 170]
 21,60	: [18 11 68]
 21,61	: [64 67 81]
 21,62	: [183 206 161]
 21,63	: [124 161  81]
 21,64	: [ 61 103  15]
 22,0	: [211 235 253]
 22,1	: [211 237 254]
 22,2	: [204 233 254]
 22,3	: [209 239 255]
 22,4	: [210 236 253]
 22,5	: [208 231 246]
 22,6	: [222 243 251]
 22,7	: [228 247 254]
 22,8	: [229 241 251]
 22,9	: [225 233 246]
 22,10	: [235 236 255]
 22,11	: [246 240 255]
 22,12	: [217 205 227]
 22,13	: [29 10 31]
 22,14	: [74 47 63]
 22,15	: [103  77  95]
 22,16	: [45 27 56]
 22,17	: [40 36 72]
 22,18	: [178 192 234]
 22,19	: [180 206 252]
 22,20	: [167 200 250]
 22,21	: [174 206 255]
 22,22	: [180 208 255]
 22,23	: [167 196 240]
 22,24	: [171 208 246]
 22,25	: [178 218 253]
 22,26	: [173 209 247]
 22,27	: [172 207 247]
 22,28	: [167 206 250]
 22,29	: [160 201 246]
 22,30	: [177 216 255]
 22,31	: [173 212 255]
 22,32	: [163 205 252]
 22,33	: [164 206 253]
 22,34	: [166 206 254]
 22,35	: [166 207 252]
 22,36	: [164 205 250]
 22,37	: [163 205 248]
 22,38	: [164 207 250]
 22,39	: [165 211 252]
 22,40	: [152 197 240]
 22,41	: [171 214 255]
 22,42	: [167 206 250]
 22,43	: [170 202 243]
 22,44	: [192 215 253]
 22,45	: [186 203 236]
 22,46	: [116 126 156]
 22,47	: [ 87  96 123]
 22,48	: [123 135 163]
 22,49	: [174 191 218]
 22,50	: [194 219 245]
 22,51	: [197 221 245]
 22,52	: [106 123 149]
 22,53	: [ 0  0 19]
 22,54	: [ 98  87 103]
 22,55	: [255 239 253]
 22,56	: [255 241 255]
 22,57	: [245 235 255]
 22,58	: [246 245 255]
 22,59	: [126 129 157]
 22,60	: [ 6 11 14]
 22,61	: [157 172 145]
 22,62	: [155 183 124]
 22,63	: [ 93 121  55]
 22,64	: [30 46  0]
 23,0	: [213 235 253]
 23,1	: [208 232 250]
 23,2	: [210 237 255]
 23,3	: [211 237 254]
 23,4	: [210 231 246]
 23,5	: [233 247 255]
 23,6	: [196 205 214]
 23,7	: [85 90 99]
 23,8	: [40 42 53]
 23,9	: [36 35 51]
 23,10	: [61 55 80]
 23,11	: [112 100 128]
 23,12	: [149 132 159]
 23,13	: [40 17 39]
 23,14	: [89 57 74]
 23,15	: [89 61 80]
 23,16	: [29 13 44]
 23,17	: [110 109 148]
 23,18	: [197 216 255]
 23,19	: [164 194 243]
 23,20	: [172 204 255]
 23,21	: [172 203 254]
 23,22	: [177 197 244]
 23,23	: [200 218 255]
 23,24	: [148 173 207]
 23,25	: [110 135 167]
 23,26	: [166 191 225]
 23,27	: [188 217 254]
 23,28	: [171 209 251]
 23,29	: [162 204 249]
 23,30	: [165 207 254]
 23,31	: [162 205 254]
 23,32	: [165 206 255]
 23,33	: [165 206 255]
 23,34	: [164 206 253]
 23,35	: [162 204 251]
 23,36	: [163 205 250]
 23,37	: [165 208 251]
 23,38	: [165 208 251]
 23,39	: [161 206 249]
 23,40	: [168 211 254]
 23,41	: [162 204 247]
 23,42	: [167 205 247]
 23,43	: [184 214 255]
 23,44	: [151 172 210]
 23,45	: [32 44 80]
 23,46	: [12 17 50]
 23,47	: [50 53 84]
 23,48	: [46 55 88]
 23,49	: [ 0 12 44]
 23,50	: [146 172 202]
 23,51	: [191 219 250]
 23,52	: [191 216 248]
 23,53	: [156 170 199]
 23,54	: [ 8  3 24]
 23,55	: [93 77 94]
 23,56	: [254 235 252]
 23,57	: [255 247 255]
 23,58	: [243 237 248]
 23,59	: [64 68 63]
 23,60	: [78 90 60]
 23,61	: [177 197 150]
 23,62	: [121 147  93]
 23,63	: [59 79 37]
 23,64	: [41 38 34]
 24,0	: [217 241 255]
 24,1	: [205 231 248]
 24,2	: [206 235 250]
 24,3	: [208 234 248]
 24,4	: [234 250 255]
 24,5	: [182 189 198]
 24,6	: [23 19 30]
 24,7	: [63 57 68]
 24,8	: [ 91  88 104]
 24,9	: [ 86  81 102]
 24,10	: [ 91  79 109]
 24,11	: [29 11 42]
 24,12	: [40 12 42]
 24,13	: [68 33 59]
 24,14	: [96 58 76]
 24,15	: [77 45 64]
 24,16	: [43 23 52]
 24,17	: [173 171 207]
 24,18	: [189 211 253]
 24,19	: [169 201 250]
 24,20	: [173 204 255]
 24,21	: [187 207 255]
 24,22	: [195 197 238]
 24,23	: [61 55 90]
 24,24	: [14 11 36]
 24,25	: [23 24 44]
 24,26	: [17 21 45]
 24,27	: [143 157 185]
 24,28	: [182 213 246]
 24,29	: [169 208 247]
 24,30	: [165 205 253]
 24,31	: [165 206 255]
 24,32	: [163 206 255]
 24,33	: [164 207 255]
 24,34	: [166 208 255]
 24,35	: [165 207 254]
 24,36	: [166 206 254]
 24,37	: [166 208 255]
 24,38	: [166 208 255]
 24,39	: [164 206 253]
 24,40	: [167 208 255]
 24,41	: [165 205 253]
 24,42	: [172 208 254]
 24,43	: [173 206 251]
 24,44	: [ 73  98 142]
 24,45	: [ 7 29 71]
 24,46	: [143 159 201]
 24,47	: [186 200 242]
 24,48	: [173 189 232]
 24,49	: [146 162 205]
 24,50	: [20 36 82]
 24,51	: [140 159 202]
 24,52	: [185 212 249]
 24,53	: [196 220 250]
 24,54	: [169 179 203]
 24,55	: [20 16 35]
 24,56	: [80 60 73]
 24,57	: [255 238 246]
 24,58	: [159 142 146]
 24,59	: [33 30 16]
 24,60	: [167 180 136]
 24,61	: [150 173 119]
 24,62	: [ 95 115  80]
 24,63	: [19 28 25]
 24,64	: [53 41 83]
 25,0	: [202 229 249]
 25,1	: [213 241 255]
 25,2	: [213 240 254]
 25,3	: [221 243 255]
 25,4	: [191 203 213]
 25,5	: [14 19 28]
 25,6	: [63 59 70]
 25,7	: [250 247 255]
 25,8	: [117 118 138]
 25,9	: [195 196 222]
 25,10	: [138 133 164]
 25,11	: [182 167 199]
 25,12	: [106  75 106]
 25,13	: [59 22 48]
 25,14	: [90 53 73]
 25,15	: [48 21 41]
 25,16	: [79 67 95]
 25,17	: [215 224 255]
 25,18	: [172 202 243]
 25,19	: [164 201 245]
 25,20	: [177 205 252]
 25,21	: [184 195 239]
 25,22	: [58 47 85]
 25,23	: [25  6 33]
 25,24	: [77 61 79]
 25,25	: [239 229 242]
 25,26	: [195 190 205]
 25,27	: [ 9 14 35]
 25,28	: [175 199 227]
 25,29	: [170 206 242]
 25,30	: [167 206 251]
 25,31	: [168 209 255]
 25,32	: [162 205 254]
 25,33	: [164 207 255]
 25,34	: [167 207 255]
 25,35	: [168 206 254]
 25,36	: [168 206 254]
 25,37	: [166 206 255]
 25,38	: [165 206 255]
 25,39	: [163 206 255]
 25,40	: [159 202 253]
 25,41	: [165 205 254]
 25,42	: [169 205 251]
 25,43	: [172 205 250]
 25,44	: [168 199 244]
 25,45	: [171 200 245]
 25,46	: [185 214 255]
 25,47	: [185 211 255]
 25,48	: [184 207 255]
 25,49	: [186 208 255]
 25,50	: [171 193 241]
 25,51	: [106 130 176]
 25,52	: [172 207 247]
 25,53	: [187 218 251]
 25,54	: [201 215 243]
 25,55	: [114 113 133]
 25,56	: [23  0 14]
 25,57	: [57 28 37]
 25,58	: [26  3  8]
 25,59	: [91 79 69]
 25,60	: [167 172 133]
 25,61	: [131 141 105]
 25,62	: [50 54 49]
 25,63	: [29 23 58]
 25,64	: [ 73  53 136]
 26,0	: [205 241 255]
 26,1	: [199 232 247]
 26,2	: [223 247 255]
 26,3	: [200 216 228]
 26,4	: [31 41 51]
 26,5	: [55 64 74]
 26,6	: [238 245 255]
 26,7	: [196 208 226]
 26,8	: [139 156 182]
 26,9	: [190 208 237]
 26,10	: [120 131 163]
 26,11	: [204 201 233]
 26,12	: [64 41 73]
 26,13	: [52 23 49]
 26,14	: [68 41 61]
 26,15	: [44 31 53]
 26,16	: [152 160 190]
 26,17	: [182 210 245]
 26,18	: [162 209 247]
 26,19	: [158 205 243]
 26,20	: [196 222 255]
 26,21	: [128 134 171]
 26,22	: [45 24 56]
 26,23	: [41 13 36]
 26,24	: [114  97 110]
 26,25	: [255 248 255]
 26,26	: [255 251 255]
 26,27	: [103 105 123]
 26,28	: [ 92 111 138]
 26,29	: [190 222 255]
 26,30	: [163 202 246]
 26,31	: [161 205 252]
 26,32	: [162 206 253]
 26,33	: [165 207 254]
 26,34	: [171 207 255]
 26,35	: [172 205 254]
 26,36	: [171 204 254]
 26,37	: [168 205 255]
 26,38	: [163 206 255]
 26,39	: [161 206 255]
 26,40	: [164 210 255]
 26,41	: [162 204 249]
 26,42	: [174 209 252]
 26,43	: [178 213 253]
 26,44	: [181 213 254]
 26,45	: [179 214 255]
 26,46	: [160 201 246]
 26,47	: [165 206 251]
 26,48	: [173 206 255]
 26,49	: [172 206 252]
 26,50	: [171 212 251]
 26,51	: [163 206 245]
 26,52	: [159 203 244]
 26,53	: [184 220 255]
 26,54	: [165 179 208]
 26,55	: [26 20 43]
 26,56	: [88 63 83]
 26,57	: [188 156 173]
 26,58	: [161 133 146]
 26,59	: [62 41 44]
 26,60	: [42 30 20]
 26,61	: [64 52 52]
 26,62	: [40 20 55]
 26,63	: [ 67  42 116]
 26,64	: [ 63  37 155]
 27,0	: [201 236 250]
 27,1	: [211 240 254]
 27,2	: [225 238 252]
 27,3	: [ 82  90 103]
 27,4	: [17 26 39]
 27,5	: [196 209 223]
 27,6	: [219 236 255]
 27,7	: [156 178 203]
 27,8	: [178 206 236]
 27,9	: [143 171 202]
 27,10	: [190 211 243]
 27,11	: [143 148 181]
 27,12	: [148 132 163]
 27,13	: [34 11 39]
 27,14	: [33 14 39]
 27,15	: [40 35 62]
 27,16	: [179 198 233]
 27,17	: [172 208 248]
 27,18	: [159 211 248]
 27,19	: [161 209 245]
 27,20	: [197 219 254]
 27,21	: [ 84  81 113]
 27,22	: [44 19 47]
 27,23	: [57 24 45]
 27,24	: [77 54 68]
 27,25	: [251 233 246]
 27,26	: [255 245 255]
 27,27	: [112 103 123]
 27,28	: [49 60 88]
 27,29	: [192 218 254]
 27,30	: [169 207 249]
 27,31	: [162 204 249]
 27,32	: [163 207 254]
 27,33	: [166 206 254]
 27,34	: [172 205 254]
 27,35	: [173 205 254]
 27,36	: [171 203 255]
 27,37	: [166 205 255]
 27,38	: [159 206 255]
 27,39	: [158 207 255]
 27,40	: [160 207 251]
 27,41	: [169 210 249]
 27,42	: [178 208 243]
 27,43	: [182 207 241]
 27,44	: [156 181 215]
 27,45	: [163 190 227]
 27,46	: [185 220 255]
 27,47	: [168 207 251]
 27,48	: [168 207 252]
 27,49	: [164 206 249]
 27,50	: [164 209 247]
 27,51	: [168 215 253]
 27,52	: [161 209 251]
 27,53	: [180 216 255]
 27,54	: [175 189 225]
 27,55	: [30 25 54]
 27,56	: [40 18 43]
 27,57	: [52 21 42]
 27,58	: [130 104 118]
 27,59	: [232 207 217]
 27,60	: [146 124 129]
 27,61	: [44 22 41]
 27,62	: [49 18 73]
 27,63	: [ 80  46 140]
 27,64	: [ 55  25 160]
 28,0	: [215 241 255]
 28,1	: [231 248 255]
 28,2	: [155 156 170]
 28,3	: [ 0  0 12]
 28,4	: [171 179 196]
 28,5	: [221 238 255]
 28,6	: [184 208 236]
 28,7	: [186 214 248]
 28,8	: [178 210 246]
 28,9	: [177 207 242]
 28,10	: [188 211 243]
 28,11	: [178 188 218]
 28,12	: [108  95 127]
 28,13	: [40 22 53]
 28,14	: [39 27 57]
 28,15	: [107 108 142]
 28,16	: [200 219 255]
 28,17	: [164 198 244]
 28,18	: [160 206 247]
 28,19	: [168 208 243]
 28,20	: [186 201 234]
 28,21	: [54 46 77]
 28,22	: [38  8 37]
 28,23	: [74 37 63]
 28,24	: [32  0 24]
 28,25	: [137 105 129]
 28,26	: [163 126 152]
 28,27	: [28  3 31]
 28,28	: [ 75  72 104]
 28,29	: [208 226 255]
 28,30	: [166 198 241]
 28,31	: [165 207 250]
 28,32	: [166 208 253]
 28,33	: [166 207 252]
 28,34	: [169 205 253]
 28,35	: [169 205 253]
 28,36	: [165 205 255]
 28,37	: [159 206 255]
 28,38	: [153 207 254]
 28,39	: [155 208 251]
 28,40	: [159 207 243]
 28,41	: [186 223 251]
 28,42	: [151 171 196]
 28,43	: [ 80  88 111]
 28,44	: [47 49 73]
 28,45	: [43 46 74]
 28,46	: [133 142 176]
 28,47	: [192 211 249]
 28,48	: [170 206 246]
 28,49	: [167 209 252]
 28,50	: [163 202 246]
 28,51	: [167 206 250]
 28,52	: [165 207 250]
 28,53	: [172 206 249]
 28,54	: [185 202 245]
 28,55	: [114 115 153]
 28,56	: [23  8 35]
 28,57	: [60 36 54]
 28,58	: [25  1 13]
 28,59	: [90 66 74]
 28,60	: [250 227 235]
 28,61	: [154 130 154]
 28,62	: [48 19 75]
 28,63	: [ 56  25 118]
 28,64	: [ 65  34 165]
 29,0	: [227 243 255]
 29,1	: [197 206 219]
 29,2	: [15 11 23]
 29,3	: [110 107 123]
 29,4	: [232 246 255]
 29,5	: [187 210 236]
 29,6	: [176 203 240]
 29,7	: [163 193 234]
 29,8	: [170 202 245]
 29,9	: [175 204 243]
 29,10	: [196 219 251]
 29,11	: [141 149 179]
 29,12	: [16  1 33]
 29,13	: [31 12 45]
 29,14	: [30 23 58]
 29,15	: [186 190 231]
 29,16	: [179 198 249]
 29,17	: [174 205 255]
 29,18	: [166 208 250]
 29,19	: [174 210 246]
 29,20	: [186 196 230]
 29,21	: [64 56 87]
 29,22	: [35  7 37]
 29,23	: [63 25 55]
 29,24	: [69 34 61]
 29,25	: [38  0 28]
 29,26	: [43  2 30]
 29,27	: [53 22 53]
 29,28	: [ 82  78 113]
 29,29	: [203 221 255]
 29,30	: [169 201 244]
 29,31	: [166 207 252]
 29,32	: [166 208 253]
 29,33	: [165 207 252]
 29,34	: [165 206 251]
 29,35	: [166 206 254]
 29,36	: [163 206 255]
 29,37	: [159 207 255]
 29,38	: [156 208 254]
 29,39	: [161 210 250]
 29,40	: [182 221 253]
 29,41	: [141 167 191]
 29,42	: [23 31 48]
 29,43	: [135 130 145]
 29,44	: [238 227 243]
 29,45	: [85 72 94]
 29,46	: [ 6  0 26]
 29,47	: [134 140 175]
 29,48	: [187 216 255]
 29,49	: [168 207 251]
 29,50	: [172 207 251]
 29,51	: [169 204 248]
 29,52	: [167 207 249]
 29,53	: [176 210 253]
 29,54	: [191 210 255]
 29,55	: [155 164 198]
 29,56	: [38 36 48]
 29,57	: [93 84 81]
 29,58	: [91 77 71]
 29,59	: [31 11 10]
 29,60	: [42 16 30]
 29,61	: [70 39 76]
 29,62	: [35  4 73]
 29,63	: [ 56  24 125]
 29,64	: [ 63  30 165]
 30,0	: [227 233 244]
 30,1	: [75 77 88]
 30,2	: [52 50 62]
 30,3	: [236 241 255]
 30,4	: [193 216 238]
 30,5	: [190 218 252]
 30,6	: [152 178 224]
 30,7	: [114 139 189]
 30,8	: [163 189 236]
 30,9	: [192 216 255]
 30,10	: [174 191 224]
 30,11	: [28 30 60]
 30,12	: [77 53 87]
 30,13	: [40 13 52]
 30,14	: [ 72  64 105]
 30,15	: [205 211 255]
 30,16	: [179 200 251]
 30,17	: [175 207 255]
 30,18	: [165 205 247]
 30,19	: [171 207 243]
 30,20	: [195 209 245]
 30,21	: [55 51 86]
 30,22	: [35 13 48]
 30,23	: [72 39 73]
 30,24	: [62 26 56]
 30,25	: [69 31 59]
 30,26	: [70 32 60]
 30,27	: [39 16 44]
 30,28	: [116 124 154]
 30,29	: [191 219 254]
 30,30	: [162 195 240]
 30,31	: [166 206 254]
 30,32	: [163 208 251]
 30,33	: [161 209 251]
 30,34	: [163 208 252]
 30,35	: [163 207 254]
 30,36	: [163 206 255]
 30,37	: [162 205 254]
 30,38	: [166 206 254]
 30,39	: [178 210 251]
 30,40	: [192 212 243]
 30,41	: [69 76 96]
 30,42	: [83 76 89]
 30,43	: [255 251 255]
 30,44	: [255 247 255]
 30,45	: [141 122 141]
 30,46	: [13  0 25]
 30,47	: [ 74  73 107]
 30,48	: [174 191 234]
 30,49	: [175 206 251]
 30,50	: [172 207 250]
 30,51	: [172 213 252]
 30,52	: [164 204 246]
 30,53	: [178 213 253]
 30,54	: [184 205 243]
 30,55	: [38 54 71]
 30,56	: [55 72 51]
 30,57	: [217 228 188]
 30,58	: [142 145 106]
 30,59	: [58 48 30]
 30,60	: [44 14 39]
 30,61	: [56 18 78]
 30,62	: [45  7 95]
 30,63	: [ 61  26 144]
 30,64	: [ 64  27 173]
 31,0	: [159 155 166]
 31,1	: [ 0  0 11]
 31,2	: [188 191 206]
 31,3	: [217 231 250]
 31,4	: [173 202 229]
 31,5	: [182 218 254]
 31,6	: [126 156 205]
 31,7	: [118 142 196]
 31,8	: [185 208 255]
 31,9	: [169 186 229]
 31,10	: [25 35 69]
 31,11	: [ 6  1 32]
 31,12	: [146 119 153]
 31,13	: [33  4 43]
 31,14	: [128 121 164]
 31,15	: [200 210 255]
 31,16	: [175 198 248]
 31,17	: [174 207 255]
 31,18	: [163 205 247]
 31,19	: [165 202 240]
 31,20	: [207 228 255]
 31,21	: [ 81  84 122]
 31,22	: [66 52 88]
 31,23	: [140 115 149]
 31,24	: [67 35 66]
 31,25	: [66 32 63]
 31,26	: [57 26 57]
 31,27	: [39 27 57]
 31,28	: [169 190 218]
 31,29	: [175 210 244]
 31,30	: [173 208 252]
 31,31	: [166 206 254]
 31,32	: [159 206 250]
 31,33	: [158 207 251]
 31,34	: [164 209 253]
 31,35	: [166 208 255]
 31,36	: [164 206 253]
 31,37	: [164 204 252]
 31,38	: [173 207 253]
 31,39	: [187 211 253]
 31,40	: [166 172 207]
 31,41	: [15  8 35]
 31,42	: [138 119 134]
 31,43	: [255 249 255]
 31,44	: [228 202 215]
 31,45	: [76 50 66]
 31,46	: [37 15 40]
 31,47	: [42 31 64]
 31,48	: [156 168 208]
 31,49	: [184 211 255]
 31,50	: [171 209 251]
 31,51	: [164 206 248]
 31,52	: [169 209 251]
 31,53	: [177 211 247]
 31,54	: [125 145 170]
 31,55	: [ 0 19 16]
 31,56	: [150 180 131]
 31,57	: [154 181 117]
 31,58	: [ 95 106  56]
 31,59	: [51 45 26]
 31,60	: [59 32 65]
 31,61	: [60 23 97]
 31,62	: [ 62  27 131]
 31,63	: [ 66  32 163]
 31,64	: [ 69  34 192]
 32,0	: [43 33 46]
 32,1	: [ 93  90 106]
 32,2	: [236 247 255]
 32,3	: [184 208 236]
 32,4	: [172 207 240]
 32,5	: [178 217 255]
 32,6	: [142 175 225]
 32,7	: [155 182 233]
 32,8	: [193 214 255]
 32,9	: [173 186 224]
 32,10	: [ 90  95 128]
 32,11	: [66 58 89]
 32,12	: [71 44 77]
 32,13	: [40 16 51]
 32,14	: [140 135 174]
 32,15	: [183 197 239]
 32,16	: [178 206 253]
 32,17	: [164 202 250]
 32,18	: [168 213 255]
 32,19	: [159 203 244]
 32,20	: [179 209 250]
 32,21	: [169 185 222]
 32,22	: [54 53 85]
 32,23	: [58 42 73]
 32,24	: [58 31 64]
 32,25	: [30  3 37]
 32,26	: [25  8 45]
 32,27	: [128 130 165]
 32,28	: [189 218 249]
 32,29	: [166 207 240]
 32,30	: [173 208 252]
 32,31	: [167 204 254]
 32,32	: [161 210 255]
 32,33	: [155 204 252]
 32,34	: [166 207 255]
 32,35	: [172 210 255]
 32,36	: [165 204 249]
 32,37	: [171 210 254]
 32,38	: [165 200 244]
 32,39	: [188 211 255]
 32,40	: [142 141 185]
 32,41	: [15  0 35]
 32,42	: [74 43 70]
 32,43	: [161 125 142]
 32,44	: [107  72  86]
 32,45	: [56 22 39]
 32,46	: [70 37 64]
 32,47	: [36 17 50]
 32,48	: [155 165 199]
 32,49	: [188 217 254]
 32,50	: [163 205 248]
 32,51	: [165 207 254]
 32,52	: [172 208 254]
 32,53	: [175 203 234]
 32,54	: [23 36 38]
 32,55	: [ 96 112  81]
 32,56	: [180 217 147]
 32,57	: [112 147  73]
 32,58	: [64 75 35]
 32,59	: [64 59 58]
 32,60	: [152 132 174]
 32,61	: [103  78 158]
 32,62	: [ 58  33 147]
 32,63	: [ 57  32 176]
 32,64	: [ 56  29 199]
 33,0	: [28 20 37]
 33,1	: [217 218 239]
 33,2	: [192 213 241]
 33,3	: [172 207 241]
 33,4	: [177 217 252]
 33,5	: [162 203 242]
 33,6	: [180 213 255]
 33,7	: [180 204 250]
 33,8	: [175 191 228]
 33,9	: [176 183 216]
 33,10	: [170 168 198]
 33,11	: [105  90 121]
 33,12	: [32  6 36]
 33,13	: [46 23 55]
 33,14	: [119 115 151]
 33,15	: [155 167 207]
 33,16	: [187 216 255]
 33,17	: [164 205 250]
 33,18	: [155 201 248]
 33,19	: [167 214 255]
 33,20	: [162 199 243]
 33,21	: [192 218 255]
 33,22	: [145 157 191]
 33,23	: [54 56 87]
 33,24	: [44 32 68]
 33,25	: [66 53 91]
 33,26	: [134 133 173]
 33,27	: [194 210 247]
 33,28	: [175 210 244]
 33,29	: [163 205 240]
 33,30	: [170 204 250]
 33,31	: [167 204 254]
 33,32	: [157 204 255]
 33,33	: [161 208 255]
 33,34	: [166 203 253]
 33,35	: [164 200 248]
 33,36	: [168 207 251]
 33,37	: [166 208 250]
 33,38	: [174 212 254]
 33,39	: [178 203 245]
 33,40	: [141 139 185]
 33,41	: [23  3 45]
 33,42	: [54 18 48]
 33,43	: [40  0 20]
 33,44	: [56 17 33]
 33,45	: [72 36 53]
 33,46	: [64 29 56]
 33,47	: [48 30 61]
 33,48	: [158 169 201]
 33,49	: [181 213 248]
 33,50	: [166 205 249]
 33,51	: [167 208 253]
 33,52	: [184 214 255]
 33,53	: [100 121 142]
 33,54	: [14 29  8]
 33,55	: [182 202 149]
 33,56	: [146 182 105]
 33,57	: [ 86 117  48]
 33,58	: [28 34  9]
 33,59	: [129 120 130]
 33,60	: [209 194 232]
 33,61	: [164 146 215]
 33,62	: [ 91  75 176]
 33,63	: [ 33  15 146]
 33,64	: [ 62  40 199]
 34,0	: [136 142 165]
 34,1	: [223 237 255]
 34,2	: [171 201 236]
 34,3	: [171 212 251]
 34,4	: [162 206 243]
 34,5	: [163 205 242]
 34,6	: [190 219 255]
 34,7	: [116 135 170]
 34,8	: [32 36 65]
 34,9	: [17 13 38]
 34,10	: [36 27 53]
 34,11	: [31 15 39]
 34,12	: [113  88 114]
 34,13	: [44 22 51]
 34,14	: [118 112 147]
 34,15	: [150 159 197]
 34,16	: [161 185 227]
 34,17	: [172 208 254]
 34,18	: [164 210 255]
 34,19	: [161 211 255]
 34,20	: [162 207 251]
 34,21	: [167 205 247]
 34,22	: [195 224 255]
 34,23	: [180 201 239]
 34,24	: [150 164 206]
 34,25	: [176 188 230]
 34,26	: [197 213 255]
 34,27	: [177 202 242]
 34,28	: [170 206 244]
 34,29	: [166 205 244]
 34,30	: [169 208 253]
 34,31	: [169 206 255]
 34,32	: [163 203 255]
 34,33	: [161 200 252]
 34,34	: [173 208 255]
 34,35	: [167 203 251]
 34,36	: [166 210 251]
 34,37	: [162 209 247]
 34,38	: [164 208 245]
 34,39	: [180 212 248]
 34,40	: [138 145 184]
 34,41	: [12  0 34]
 34,42	: [70 37 64]
 34,43	: [78 37 58]
 34,44	: [68 29 45]
 34,45	: [55 20 40]
 34,46	: [49 20 46]
 34,47	: [64 51 83]
 34,48	: [172 187 220]
 34,49	: [185 217 253]
 34,50	: [171 206 249]
 34,51	: [179 212 251]
 34,52	: [161 181 212]
 34,53	: [ 9 24 27]
 34,54	: [ 96 119  75]
 34,55	: [188 216 147]
 34,56	: [118 143  75]
 34,57	: [42 56  8]
 34,58	: [56 51 42]
 34,59	: [181 166 180]
 34,60	: [201 185 208]
 34,61	: [197 184 222]
 34,62	: [171 157 223]
 34,63	: [109  93 187]
 34,64	: [ 50  29 156]
 35,0	: [209 230 255]
 35,1	: [182 207 239]
 35,2	: [170 206 246]
 35,3	: [164 207 250]
 35,4	: [159 204 242]
 35,5	: [177 214 252]
 35,6	: [192 216 252]
 35,7	: [53 64 96]
 35,8	: [25 25 49]
 35,9	: [158 152 171]
 35,10	: [191 186 207]
 35,11	: [188 179 199]
 35,12	: [234 219 240]
 35,13	: [72 57 84]
 35,14	: [61 55 90]
 35,15	: [148 155 194]
 35,16	: [150 167 210]
 35,17	: [183 212 255]
 35,18	: [163 203 252]
 35,19	: [154 200 248]
 35,20	: [166 211 254]
 35,21	: [167 210 249]
 35,22	: [165 204 243]
 35,23	: [177 212 252]
 35,24	: [189 222 255]
 35,25	: [179 210 255]
 35,26	: [177 205 246]
 35,27	: [183 209 249]
 35,28	: [170 195 235]
 35,29	: [201 226 255]
 35,30	: [177 205 246]
 35,31	: [171 200 244]
 35,32	: [177 208 253]
 35,33	: [176 205 250]
 35,34	: [172 200 247]
 35,35	: [176 207 252]
 35,36	: [168 206 248]
 35,37	: [162 206 243]
 35,38	: [164 209 243]
 35,39	: [184 216 251]
 35,40	: [165 177 213]
 35,41	: [14  7 40]
 35,42	: [63 35 64]
 35,43	: [58 22 46]
 35,44	: [89 54 74]
 35,45	: [125  96 119]
 35,46	: [23  5 36]
 35,47	: [ 89  88 122]
 35,48	: [192 209 248]
 35,49	: [177 208 247]
 35,50	: [175 205 246]
 35,51	: [189 214 246]
 35,52	: [ 81  94 108]
 35,53	: [13 27  9]
 35,54	: [182 214 149]
 35,55	: [131 161  85]
 35,56	: [ 90 102  50]
 35,57	: [34 30  5]
 35,58	: [155 141 143]
 35,59	: [214 197 211]
 35,60	: [198 183 197]
 35,61	: [194 182 202]
 35,62	: [188 175 213]
 35,63	: [208 196 255]
 35,64	: [170 154 237]
 36,0	: [191 224 255]
 36,1	: [172 208 244]
 36,2	: [164 206 249]
 36,3	: [165 207 252]
 36,4	: [171 211 253]
 36,5	: [174 207 246]
 36,6	: [194 212 249]
 36,7	: [46 54 84]
 36,8	: [77 75 97]
 36,9	: [241 240 255]
 36,10	: [238 245 255]
 36,11	: [238 247 255]
 36,12	: [242 245 255]
 36,13	: [121 122 143]
 36,14	: [17 19 50]
 36,15	: [149 154 193]
 36,16	: [144 155 199]
 36,17	: [171 189 236]
 36,18	: [179 206 255]
 36,19	: [170 203 252]
 36,20	: [170 209 248]
 36,21	: [170 210 245]
 36,22	: [169 208 246]
 36,23	: [169 210 249]
 36,24	: [158 203 246]
 36,25	: [163 205 248]
 36,26	: [184 217 255]
 36,27	: [140 159 196]
 36,28	: [12 18 55]
 36,29	: [ 74  75 113]
 36,30	: [181 187 222]
 36,31	: [211 223 255]
 36,32	: [198 213 246]
 36,33	: [193 209 245]
 36,34	: [194 209 248]
 36,35	: [191 209 250]
 36,36	: [183 208 250]
 36,37	: [185 215 255]
 36,38	: [176 212 250]
 36,39	: [179 208 247]
 36,40	: [185 200 239]
 36,41	: [ 69  69 105]
 36,42	: [19  3 34]
 36,43	: [58 33 59]
 36,44	: [119  94 120]
 36,45	: [ 93  76 103]
 36,46	: [39 33 68]
 36,47	: [168 176 216]
 36,48	: [194 217 255]
 36,49	: [172 201 246]
 36,50	: [188 210 251]
 36,51	: [164 182 205]
 36,52	: [12 25 17]
 36,53	: [133 152 109]
 36,54	: [163 201 119]
 36,55	: [107 138  59]
 36,56	: [39 37  6]
 36,57	: [83 66 63]
 36,58	: [212 194 201]
 36,59	: [204 186 199]
 36,60	: [201 184 197]
 36,61	: [204 189 203]
 36,62	: [189 177 197]
 36,63	: [239 231 254]
 36,64	: [250 245 255]
 37,0	: [173 213 255]
 37,1	: [162 204 247]
 37,2	: [163 205 252]
 37,3	: [169 211 255]
 37,4	: [169 206 250]
 37,5	: [174 203 242]
 37,6	: [195 211 248]
 37,7	: [46 54 84]
 37,8	: [ 87  88 108]
 37,9	: [229 232 246]
 37,10	: [222 240 251]
 37,11	: [218 238 249]
 37,12	: [216 232 244]
 37,13	: [192 202 219]
 37,14	: [ 0  0 27]
 37,15	: [ 91  94 132]
 37,16	: [150 156 199]
 37,17	: [147 159 207]
 37,18	: [191 212 255]
 37,19	: [176 203 253]
 37,20	: [172 207 247]
 37,21	: [170 208 243]
 37,22	: [176 215 254]
 37,23	: [161 205 246]
 37,24	: [160 211 254]
 37,25	: [163 211 253]
 37,26	: [172 206 242]
 37,27	: [ 93 107 143]
 37,28	: [12  1 41]
 37,29	: [38 18 60]
 37,30	: [40 27 65]
 37,31	: [ 77  70 107]
 37,32	: [129 128 160]
 37,33	: [163 165 196]
 37,34	: [170 170 206]
 37,35	: [170 171 209]
 37,36	: [145 154 192]
 37,37	: [107 124 163]
 37,38	: [174 198 240]
 37,39	: [187 211 253]
 37,40	: [193 210 253]
 37,41	: [174 182 222]
 37,42	: [43 39 74]
 37,43	: [ 7  0 30]
 37,44	: [19 11 41]
 37,45	: [42 39 71]
 37,46	: [160 169 207]
 37,47	: [194 213 255]
 37,48	: [173 199 246]
 37,49	: [176 202 248]
 37,50	: [195 212 245]
 37,51	: [58 74 81]
 37,52	: [43 61 30]
 37,53	: [192 217 155]
 37,54	: [120 156  72]
 37,55	: [73 98 30]
 37,56	: [53 45 28]
 37,57	: [178 155 163]
 37,58	: [211 192 201]
 37,59	: [199 183 194]
 37,60	: [204 187 200]
 37,61	: [197 183 195]
 37,62	: [194 183 193]
 37,63	: [250 244 249]
 37,64	: [255 255 255]
 38,0	: [160 199 251]
 38,1	: [165 205 254]
 38,2	: [167 207 255]
 38,3	: [166 205 250]
 38,4	: [169 204 247]
 38,5	: [181 210 249]
 38,6	: [196 215 252]
 38,7	: [36 48 76]
 38,8	: [113 120 135]
 38,9	: [242 253 255]
 38,10	: [211 237 244]
 38,11	: [201 230 237]
 38,12	: [226 249 255]
 38,13	: [224 240 253]
 38,14	: [ 80  84 108]
 38,15	: [17 19 50]
 38,16	: [152 154 195]
 38,17	: [139 147 194]
 38,18	: [155 172 223]
 38,19	: [181 206 255]
 38,20	: [172 205 250]
 38,21	: [169 207 249]
 38,22	: [162 204 247]
 38,23	: [163 208 252]
 38,24	: [158 208 254]
 38,25	: [164 209 252]
 38,26	: [175 201 241]
 38,27	: [54 56 96]
 38,28	: [45 17 63]
 38,29	: [54 16 66]
 38,30	: [43  9 63]
 38,31	: [44 17 67]
 38,32	: [27  7 50]
 38,33	: [30 12 51]
 38,34	: [31 10 48]
 38,35	: [29  9 44]
 38,36	: [24 12 48]
 38,37	: [ 1  0 35]
 38,38	: [136 148 190]
 38,39	: [191 210 255]
 38,40	: [183 203 250]
 38,41	: [186 204 251]
 38,42	: [182 194 236]
 38,43	: [140 151 189]
 38,44	: [132 144 180]
 38,45	: [160 179 214]
 38,46	: [191 217 254]
 38,47	: [175 205 246]
 38,48	: [170 201 246]
 38,49	: [189 215 252]
 38,50	: [142 155 177]
 38,51	: [ 8 24 13]
 38,52	: [144 176 117]
 38,53	: [153 189 112]
 38,54	: [107 135  66]
 38,55	: [43 53 10]
 38,56	: [93 79 73]
 38,57	: [224 202 214]
 38,58	: [199 184 192]
 38,59	: [192 179 187]
 38,60	: [204 189 203]
 38,61	: [197 185 197]
 38,62	: [205 196 206]
 38,63	: [253 249 254]
 38,64	: [254 253 255]
 39,0	: [167 205 255]
 39,1	: [166 205 255]
 39,2	: [169 207 255]
 39,3	: [164 203 248]
 39,4	: [165 202 246]
 39,5	: [180 212 253]
 39,6	: [169 193 229]
 39,7	: [13 27 55]
 39,8	: [129 136 151]
 39,9	: [243 252 255]
 39,10	: [224 243 255]
 39,11	: [217 240 255]
 39,12	: [222 239 252]
 39,13	: [232 242 255]
 39,14	: [200 201 221]
 39,15	: [19 18 44]
 39,16	: [ 77  78 112]
 39,17	: [160 164 205]
 39,18	: [132 145 191]
 39,19	: [151 173 221]
 39,20	: [177 210 255]
 39,21	: [169 208 253]
 39,22	: [166 206 254]
 39,23	: [165 209 255]
 39,24	: [158 207 253]
 39,25	: [168 211 254]
 39,26	: [179 204 244]
 39,27	: [54 53 95]
 39,28	: [49 16 67]
 39,29	: [80 34 93]
 39,30	: [62 19 86]
 39,31	: [51 12 80]
 39,32	: [50 17 78]
 39,33	: [45 15 68]
 39,34	: [52 17 61]
 39,35	: [58 25 62]
 39,36	: [51 28 60]
 39,37	: [ 7  0 30]
 39,38	: [141 150 188]
 39,39	: [188 210 252]
 39,40	: [173 200 250]
 39,41	: [176 206 255]
 39,42	: [179 208 253]
 39,43	: [184 212 253]
 39,44	: [182 211 248]
 39,45	: [179 211 247]
 39,46	: [173 206 245]
 39,47	: [176 209 248]
 39,48	: [181 207 247]
 39,49	: [198 219 247]
 39,50	: [23 34 38]
 39,51	: [64 82 53]
 39,52	: [182 223 148]
 39,53	: [115 154  74]
 39,54	: [61 77 29]
 39,55	: [43 42 21]
 39,56	: [177 160 163]
 39,57	: [206 186 198]
 39,58	: [200 187 195]
 39,59	: [201 190 198]
 39,60	: [198 187 197]
 39,61	: [195 186 196]
 39,62	: [219 215 220]
 39,63	: [251 250 252]
 39,64	: [255 254 255]
 40,0	: [174 211 255]
 40,1	: [163 201 249]
 40,2	: [165 204 248]
 40,3	: [171 210 254]
 40,4	: [164 205 250]
 40,5	: [174 211 255]
 40,6	: [164 193 232]
 40,7	: [31 49 80]
 40,8	: [48 49 69]
 40,9	: [169 167 186]
 40,10	: [191 192 220]
 40,11	: [188 190 221]
 40,12	: [221 219 248]
 40,13	: [231 227 252]
 40,14	: [252 246 255]
 40,15	: [178 172 191]
 40,16	: [16 11 38]
 40,17	: [103 102 134]
 40,18	: [155 162 201]
 40,19	: [128 145 188]
 40,20	: [147 177 224]
 40,21	: [168 205 255]
 40,22	: [162 202 251]
 40,23	: [164 205 254]
 40,24	: [161 205 252]
 40,25	: [176 215 255]
 40,26	: [183 207 249]
 40,27	: [ 90  93 138]
 40,28	: [42 16 70]
 40,29	: [161 120 187]
 40,30	: [160 118 201]
 40,31	: [151 109 197]
 40,32	: [ 90  52 140]
 40,33	: [49 11 87]
 40,34	: [59 18 75]
 40,35	: [60 24 66]
 40,36	: [54 32 60]
 40,37	: [11  7 32]
 40,38	: [145 163 194]
 40,39	: [182 213 252]
 40,40	: [171 210 255]
 40,41	: [161 204 253]
 40,42	: [164 208 255]
 40,43	: [162 207 250]
 40,44	: [167 210 249]
 40,45	: [168 208 243]
 40,46	: [181 215 251]
 40,47	: [180 207 241]
 40,48	: [202 220 251]
 40,49	: [122 136 148]
 40,50	: [15 25  8]
 40,51	: [173 193 146]
 40,52	: [138 180 103]
 40,53	: [ 98 134  64]
 40,54	: [26 31  2]
 40,55	: [117 105 101]
 40,56	: [218 200 207]
 40,57	: [203 186 197]
 40,58	: [199 185 196]
 40,59	: [194 186 193]
 40,60	: [197 190 193]
 40,61	: [190 188 188]
 40,62	: [226 226 226]
 40,63	: [253 255 255]
 40,64	: [252 254 254]
 41,0	: [162 203 248]
 41,1	: [168 210 253]
 41,2	: [163 205 247]
 41,3	: [165 207 250]
 41,4	: [161 202 251]
 41,5	: [166 204 252]
 41,6	: [186 215 255]
 41,7	: [148 164 201]
 41,8	: [59 57 86]
 41,9	: [14  2 38]
 41,10	: [14  0 56]
 41,11	: [12  0 60]
 41,12	: [52 36 97]
 41,13	: [131 115 168]
 41,14	: [182 168 209]
 41,15	: [208 197 230]
 41,16	: [ 99  85 121]
 41,17	: [17  6 44]
 41,18	: [117 113 154]
 41,19	: [149 156 199]
 41,20	: [134 151 200]
 41,21	: [127 154 204]
 41,22	: [163 195 244]
 41,23	: [167 203 251]
 41,24	: [171 209 255]
 41,25	: [174 208 254]
 41,26	: [182 206 252]
 41,27	: [146 153 202]
 41,28	: [13  0 50]
 41,29	: [ 96  66 131]
 41,30	: [159 123 207]
 41,31	: [147 107 202]
 41,32	: [155 117 213]
 41,33	: [142 103 189]
 41,34	: [71 30 92]
 41,35	: [56 23 67]
 41,36	: [38 23 51]
 41,37	: [ 77  78 104]
 41,38	: [187 208 239]
 41,39	: [171 207 245]
 41,40	: [167 207 255]
 41,41	: [160 206 254]
 41,42	: [162 210 255]
 41,43	: [160 207 251]
 41,44	: [165 208 247]
 41,45	: [178 214 250]
 41,46	: [148 170 206]
 41,47	: [ 89  99 133]
 41,48	: [104 108 133]
 41,49	: [26 29 34]
 41,50	: [124 132 102]
 41,51	: [185 203 150]
 41,52	: [118 149  86]
 41,53	: [49 75 22]
 41,54	: [55 52 38]
 41,55	: [190 172 179]
 41,56	: [204 184 196]
 41,57	: [205 187 200]
 41,58	: [202 185 198]
 41,59	: [199 188 196]
 41,60	: [197 192 193]
 41,61	: [185 186 184]
 41,62	: [234 236 236]
 41,63	: [253 255 255]
 41,64	: [252 254 254]
 42,0	: [162 209 247]
 42,1	: [164 211 249]
 42,2	: [165 209 250]
 42,3	: [166 208 253]
 42,4	: [165 208 255]
 42,5	: [169 206 255]
 42,6	: [167 196 241]
 42,7	: [207 221 255]
 42,8	: [163 156 199]
 42,9	: [41 20 82]
 42,10	: [ 59  35 130]
 42,11	: [ 61  34 144]
 42,12	: [ 29   0 109]
 42,13	: [21  0 92]
 42,14	: [11  0 71]
 42,15	: [51 30 99]
 42,16	: [ 81  54 120]
 42,17	: [30  4 64]
 42,18	: [35 15 68]
 42,19	: [104  92 142]
 42,20	: [152 149 198]
 42,21	: [147 153 200]
 42,22	: [132 147 193]
 42,23	: [160 183 228]
 42,24	: [172 202 249]
 42,25	: [177 209 255]
 42,26	: [182 209 255]
 42,27	: [188 205 254]
 42,28	: [ 92  94 142]
 42,29	: [16  3 57]
 42,30	: [ 74  50 120]
 42,31	: [133 101 182]
 42,32	: [138 103 190]
 42,33	: [153 117 199]
 42,34	: [ 86  52 113]
 42,35	: [24  0 44]
 42,36	: [23 16 51]
 42,37	: [165 174 207]
 42,38	: [181 207 244]
 42,39	: [173 208 251]
 42,40	: [169 207 255]
 42,41	: [162 202 251]
 42,42	: [170 209 254]
 42,43	: [164 199 243]
 42,44	: [187 215 255]
 42,45	: [157 172 211]
 42,46	: [25 21 62]
 42,47	: [36 19 56]
 42,48	: [59 42 69]
 42,49	: [9 0 3]
 42,50	: [130 133 107]
 42,51	: [161 171 129]
 42,52	: [ 88 101  63]
 42,53	: [10 17  0]
 42,54	: [136 126 119]
 42,55	: [216 195 203]
 42,56	: [201 178 193]
 42,57	: [205 183 201]
 42,58	: [204 185 200]
 42,59	: [202 188 199]
 42,60	: [198 193 195]
 42,61	: [184 184 184]
 42,62	: [242 241 243]
 42,63	: [255 255 255]
 42,64	: [254 255 253]
 43,0	: [168 213 251]
 43,1	: [163 208 246]
 43,2	: [165 208 251]
 43,3	: [164 206 253]
 43,4	: [157 197 249]
 43,5	: [175 210 255]
 43,6	: [176 203 247]
 43,7	: [207 220 255]
 43,8	: [ 79  72 129]
 43,9	: [27  6 91]
 43,10	: [ 71  45 175]
 43,11	: [ 75  44 197]
 43,12	: [ 69  35 189]
 43,13	: [ 72  41 186]
 43,14	: [ 59  31 161]
 43,15	: [ 44  17 134]
 43,16	: [ 30   0 104]
 43,17	: [ 58  24 118]
 43,18	: [38  7 86]
 43,19	: [28  2 66]
 43,20	: [ 97  78 133]
 43,21	: [159 149 196]
 43,22	: [156 155 197]
 43,23	: [140 149 192]
 43,24	: [133 153 201]
 43,25	: [156 181 231]
 43,26	: [169 196 247]
 43,27	: [185 208 255]
 43,28	: [193 206 250]
 43,29	: [104 106 154]
 43,30	: [27 17 77]
 43,31	: [27  9 76]
 43,32	: [44 21 95]
 43,33	: [48 27 95]
 43,34	: [44 23 78]
 43,35	: [55 44 90]
 43,36	: [161 166 205]
 43,37	: [195 214 252]
 43,38	: [178 209 254]
 43,39	: [169 205 253]
 43,40	: [168 204 252]
 43,41	: [172 208 255]
 43,42	: [168 205 249]
 43,43	: [173 205 248]
 43,44	: [205 225 255]
 43,45	: [112 117 156]
 43,46	: [12  0 33]
 43,47	: [120  93 126]
 43,48	: [224 196 219]
 43,49	: [135 115 120]
 43,50	: [14  7  0]
 43,51	: [69 69 45]
 43,52	: [53 49 31]
 43,53	: [70 61 51]
 43,54	: [217 203 204]
 43,55	: [202 183 192]
 43,56	: [209 186 201]
 43,57	: [201 179 197]
 43,58	: [205 187 200]
 43,59	: [201 187 198]
 43,60	: [198 191 198]
 43,61	: [186 185 189]
 43,62	: [244 238 243]
 43,63	: [255 254 255]
 43,64	: [255 254 253]
 44,0	: [151 187 233]
 44,1	: [171 210 255]
 44,2	: [163 201 249]
 44,3	: [164 202 250]
 44,4	: [171 209 255]
 44,5	: [167 200 246]
 44,6	: [186 211 251]
 44,7	: [163 175 223]
 44,8	: [29 22 95]
 44,9	: [ 38  21 132]
 44,10	: [ 66  45 208]
 44,11	: [ 53  28 220]
 44,12	: [ 55  28 222]
 44,13	: [ 60  31 224]
 44,14	: [ 61  30 217]
 44,15	: [ 64  31 206]
 44,16	: [ 72  38 199]
 44,17	: [ 64  29 170]
 44,18	: [ 73  38 154]
 44,19	: [ 59  24 114]
 44,20	: [40  8 73]
 44,21	: [75 51 99]
 44,22	: [132 118 160]
 44,23	: [166 162 204]
 44,24	: [146 156 204]
 44,25	: [128 146 199]
 44,26	: [132 154 206]
 44,27	: [157 180 228]
 44,28	: [179 198 241]
 44,29	: [204 218 255]
 44,30	: [175 179 228]
 44,31	: [113 111 163]
 44,32	: [ 85  86 136]
 44,33	: [ 92  96 144]
 44,34	: [118 124 167]
 44,35	: [195 209 251]
 44,36	: [194 217 255]
 44,37	: [166 199 245]
 44,38	: [165 202 252]
 44,39	: [164 203 255]
 44,40	: [162 202 250]
 44,41	: [165 204 249]
 44,42	: [171 210 254]
 44,43	: [166 198 239]
 44,44	: [194 215 253]
 44,45	: [148 154 191]
 44,46	: [52 37 69]
 44,47	: [28  2 26]
 44,48	: [90 61 76]
 44,49	: [255 236 241]
 44,50	: [183 166 169]
 44,51	: [30 14 15]
 44,52	: [43 23 22]
 44,53	: [164 143 146]
 44,54	: [202 185 194]
 44,55	: [202 185 196]
 44,56	: [209 189 202]
 44,57	: [202 182 194]
 44,58	: [205 188 199]
 44,59	: [200 186 197]
 44,60	: [198 190 200]
 44,61	: [188 183 192]
 44,62	: [245 235 247]
 44,63	: [255 252 255]
 44,64	: [255 252 254]
 45,0	: [119 144 194]
 45,1	: [163 190 240]
 45,2	: [181 214 255]
 45,3	: [170 206 252]
 45,4	: [170 204 250]
 45,5	: [168 200 243]
 45,6	: [200 222 255]
 45,7	: [108 116 175]
 45,8	: [ 5  0 87]
 45,9	: [ 57  40 175]
 45,10	: [ 50  33 221]
 45,11	: [ 37  18 235]
 45,12	: [ 45  21 239]
 45,13	: [ 49  24 242]
 45,14	: [ 49  19 238]
 45,15	: [ 55  22 233]
 45,16	: [ 62  29 227]
 45,17	: [ 61  28 203]
 45,18	: [ 61  26 170]
 45,19	: [ 68  33 143]
 45,20	: [62 25 97]
 45,21	: [42 10 59]
 45,22	: [38 13 51]
 45,23	: [ 94  80 116]
 45,24	: [123 120 165]
 45,25	: [159 165 212]
 45,26	: [145 158 204]
 45,27	: [129 145 188]
 45,28	: [144 163 201]
 45,29	: [158 175 214]
 45,30	: [174 185 229]
 45,31	: [186 197 241]
 45,32	: [205 217 255]
 45,33	: [203 220 255]
 45,34	: [205 226 255]
 45,35	: [180 205 247]
 45,36	: [175 208 254]
 45,37	: [172 207 255]
 45,38	: [172 206 255]
 45,39	: [171 206 255]
 45,40	: [174 210 255]
 45,41	: [178 215 255]
 45,42	: [172 209 253]
 45,43	: [183 215 255]
 45,44	: [180 201 239]
 45,45	: [189 194 225]
 45,46	: [108  96 118]
 45,47	: [33 11 23]
 45,48	: [25  3  5]
 45,49	: [78 54 54]
 45,50	: [255 249 255]
 45,51	: [212 186 200]
 45,52	: [47 17 30]
 45,53	: [156 128 141]
 45,54	: [212 193 208]
 45,55	: [199 185 197]
 45,56	: [199 183 194]
 45,57	: [204 189 197]
 45,58	: [201 190 193]
 45,59	: [199 189 195]
 45,60	: [195 191 197]
 45,61	: [187 182 191]
 45,62	: [250 238 250]
 45,63	: [255 250 255]
 45,64	: [255 253 255]
 46,0	: [142 152 199]
 46,1	: [138 154 200]
 46,2	: [153 180 224]
 46,3	: [176 210 253]
 46,4	: [170 205 248]
 46,5	: [176 207 252]
 46,6	: [183 200 251]
 46,7	: [ 54  55 129]
 46,8	: [ 23   4 120]
 46,9	: [ 74  49 207]
 46,10	: [ 45  25 232]
 46,11	: [ 39  22 249]
 46,12	: [ 38  20 243]
 46,13	: [ 40  19 241]
 46,14	: [ 47  20 247]
 46,15	: [ 46  16 241]
 46,16	: [ 49  22 240]
 46,17	: [ 51  24 221]
 46,18	: [ 55  28 191]
 46,19	: [ 62  33 156]
 46,20	: [29  0 72]
 46,21	: [132  98 145]
 46,22	: [128  99 132]
 46,23	: [32  9 37]
 46,24	: [54 39 71]
 46,25	: [ 77  67 103]
 46,26	: [133 126 159]
 46,27	: [165 164 198]
 46,28	: [146 154 191]
 46,29	: [137 152 191]
 46,30	: [125 141 187]
 46,31	: [126 145 190]
 46,32	: [140 156 198]
 46,33	: [160 178 219]
 46,34	: [144 168 210]
 46,35	: [150 177 221]
 46,36	: [155 182 232]
 46,37	: [160 187 237]
 46,38	: [164 187 235]
 46,39	: [163 186 232]
 46,40	: [153 181 222]
 46,41	: [145 175 216]
 46,42	: [137 170 215]
 46,43	: [143 172 216]
 46,44	: [150 169 206]
 46,45	: [156 163 190]
 46,46	: [57 49 59]
 46,47	: [83 71 65]
 46,48	: [117 107  89]
 46,49	: [24  8  0]
 46,50	: [97 71 77]
 46,51	: [150 118 135]
 46,52	: [53 17 39]
 46,53	: [60 32 52]
 46,54	: [227 209 226]
 46,55	: [190 180 193]
 46,56	: [194 182 194]
 46,57	: [198 191 196]
 46,58	: [197 192 189]
 46,59	: [196 193 189]
 46,60	: [194 191 193]
 46,61	: [188 184 190]
 46,62	: [245 235 241]
 46,63	: [255 251 255]
 46,64	: [255 253 255]
 47,0	: [ 69  67 103]
 47,1	: [147 153 190]
 47,2	: [132 148 190]
 47,3	: [157 182 224]
 47,4	: [179 210 249]
 47,5	: [190 215 255]
 47,6	: [143 154 211]
 47,7	: [ 20  14 101]
 47,8	: [ 51  31 167]
 47,9	: [ 59  35 213]
 47,10	: [ 38  19 236]
 47,11	: [ 34  18 250]
 47,12	: [ 34  17 244]
 47,13	: [ 39  20 247]
 47,14	: [ 42  18 250]
 47,15	: [ 45  18 252]
 47,16	: [ 45  17 247]
 47,17	: [ 45  20 230]
 47,18	: [ 50  26 204]
 47,19	: [ 58  32 169]
 47,20	: [33  1 88]
 47,21	: [112  80 134]
 47,22	: [224 196 226]
 47,23	: [83 57 80]
 47,24	: [35 13 37]
 47,25	: [47 28 55]
 47,26	: [31 13 42]
 47,27	: [58 45 77]
 47,28	: [100  98 134]
 47,29	: [124 131 170]
 47,30	: [156 168 210]
 47,31	: [148 160 202]
 47,32	: [157 163 204]
 47,33	: [139 145 186]
 47,34	: [142 154 194]
 47,35	: [127 143 185]
 47,36	: [137 153 199]
 47,37	: [137 151 199]
 47,38	: [143 151 198]
 47,39	: [146 155 198]
 47,40	: [141 153 193]
 47,41	: [138 155 194]
 47,42	: [140 160 201]
 47,43	: [135 153 190]
 47,44	: [156 161 194]
 47,45	: [ 83  86 101]
 47,46	: [24 28 16]
 47,47	: [173 177 148]
 47,48	: [170 171 139]
 47,49	: [75 69 46]
 47,50	: [35 11 13]
 47,51	: [29  0 14]
 47,52	: [53 19 43]
 47,53	: [88 59 82]
 47,54	: [219 201 218]
 47,55	: [193 181 193]
 47,56	: [199 191 202]
 47,57	: [192 186 191]
 47,58	: [195 191 190]
 47,59	: [194 191 187]
 47,60	: [193 190 192]
 47,61	: [193 187 192]
 47,62	: [232 225 228]
 47,63	: [255 253 255]
 47,64	: [254 251 253]
 48,0	: [16  3 25]
 48,1	: [ 80  73 100]
 48,2	: [156 156 196]
 48,3	: [135 144 188]
 48,4	: [165 181 218]
 48,5	: [217 230 255]
 48,6	: [102 102 162]
 48,7	: [ 7  0 94]
 48,8	: [ 55  40 192]
 48,9	: [ 53  34 227]
 48,10	: [ 36  19 237]
 48,11	: [ 39  21 252]
 48,12	: [ 34  16 247]
 48,13	: [ 40  20 251]
 48,14	: [ 43  17 254]
 48,15	: [ 42  14 251]
 48,16	: [ 44  14 249]
 48,17	: [ 55  26 243]
 48,18	: [ 59  29 218]
 48,19	: [ 63  34 183]
 48,20	: [ 47  19 119]
 48,21	: [44 17 80]
 48,22	: [189 166 198]
 48,23	: [178 156 174]
 48,24	: [34 15 32]
 48,25	: [76 55 77]
 48,26	: [118  97 129]
 48,27	: [62 44 81]
 48,28	: [26 13 51]
 48,29	: [17 10 47]
 48,30	: [34 32 68]
 48,31	: [ 73  67 102]
 48,32	: [102  85 122]
 48,33	: [137 119 156]
 48,34	: [146 134 170]
 48,35	: [154 147 182]
 48,36	: [154 149 188]
 48,37	: [154 150 191]
 48,38	: [151 144 187]
 48,39	: [154 145 188]
 48,40	: [134 128 169]
 48,41	: [107 105 141]
 48,42	: [ 95  95 125]
 48,43	: [64 59 86]
 48,44	: [53 34 59]
 48,45	: [25 17 18]
 48,46	: [ 91 111  69]
 48,47	: [179 205 151]
 48,48	: [137 151 109]
 48,49	: [66 66 42]
 48,50	: [51 33 32]
 48,51	: [65 40 54]
 48,52	: [85 58 78]
 48,53	: [198 173 193]
 48,54	: [208 188 201]
 48,55	: [201 187 198]
 48,56	: [195 187 197]
 48,57	: [193 188 197]
 48,58	: [197 189 196]
 48,59	: [201 191 197]
 48,60	: [195 188 193]
 48,61	: [194 188 193]
 48,62	: [224 217 220]
 48,63	: [255 253 255]
 48,64	: [255 254 254]
 49,0	: [169 159 175]
 49,1	: [15  7 30]
 49,2	: [53 45 85]
 49,3	: [155 152 197]
 49,4	: [148 151 189]
 49,5	: [171 171 217]
 49,6	: [ 64  57 124]
 49,7	: [ 12   0 107]
 49,8	: [ 59  42 210]
 49,9	: [ 45  27 234]
 49,10	: [ 42  21 244]
 49,11	: [ 37  17 248]
 49,12	: [ 38  18 249]
 49,13	: [ 36  16 247]
 49,14	: [ 37  15 248]
 49,15	: [ 44  19 253]
 49,16	: [ 45  21 253]
 49,17	: [ 42  17 239]
 49,18	: [ 53  23 228]
 49,19	: [ 53  25 198]
 49,20	: [ 59  31 160]
 49,21	: [18  0 79]
 49,22	: [113  90 135]
 49,23	: [224 202 226]
 49,24	: [128 103 123]
 49,25	: [29  3 26]
 49,26	: [110  84 114]
 49,27	: [166 140 176]
 49,28	: [148 125 163]
 49,29	: [113  95 132]
 49,30	: [ 89  75 109]
 49,31	: [56 40 74]
 49,32	: [28  4 39]
 49,33	: [28  2 38]
 49,34	: [49 24 58]
 49,35	: [60 35 69]
 49,36	: [43 22 55]
 49,37	: [33 12 50]
 49,38	: [40 20 63]
 49,39	: [51 30 79]
 49,40	: [32 14 67]
 49,41	: [38 19 68]
 49,42	: [49 31 68]
 49,43	: [115  94 119]
 49,44	: [77 53 65]
 49,45	: [41 34 17]
 49,46	: [158 189 128]
 49,47	: [143 183 112]
 49,48	: [ 88 107  64]
 49,49	: [16 18  0]
 49,50	: [148 143 142]
 49,51	: [59 42 55]
 49,52	: [96 71 91]
 49,53	: [223 196 216]
 49,54	: [203 180 194]
 49,55	: [205 188 199]
 49,56	: [193 185 195]
 49,57	: [193 188 197]
 49,58	: [195 185 197]
 49,59	: [196 185 195]
 49,60	: [202 191 199]
 49,61	: [197 190 195]
 49,62	: [199 193 198]
 49,63	: [253 248 250]
 49,64	: [255 254 255]
 50,0	: [231 244 255]
 50,1	: [166 173 193]
 50,2	: [ 3  0 32]
 50,3	: [48 36 78]
 50,4	: [162 153 193]
 50,5	: [140 131 182]
 50,6	: [27 12 93]
 50,7	: [ 48  30 153]
 50,8	: [ 63  41 224]
 50,9	: [ 46  20 240]
 50,10	: [ 46  18 248]
 50,11	: [ 40  14 246]
 50,12	: [ 44  21 249]
 50,13	: [ 42  22 249]
 50,14	: [ 39  16 245]
 50,15	: [ 41  21 248]
 50,16	: [ 33  19 244]
 50,17	: [ 32  17 239]
 50,18	: [ 47  23 249]
 50,19	: [ 48  18 225]
 50,20	: [ 63  33 200]
 50,21	: [ 45  16 139]
 50,22	: [17  0 63]
 50,23	: [136 109 149]
 50,24	: [223 192 221]
 50,25	: [159 124 150]
 50,26	: [43  7 37]
 50,27	: [52 17 51]
 50,28	: [125  94 127]
 50,29	: [176 151 185]
 50,30	: [179 155 195]
 50,31	: [181 161 203]
 50,32	: [166 150 191]
 50,33	: [131 111 153]
 50,34	: [82 55 94]
 50,35	: [31  0 33]
 50,36	: [99 63 93]
 50,37	: [161 128 162]
 50,38	: [ 90  58 105]
 50,39	: [35  6 69]
 50,40	: [ 54  25 104]
 50,41	: [30  0 76]
 50,42	: [57 20 82]
 50,43	: [107  78 111]
 50,44	: [50 38 34]
 50,45	: [117 126  86]
 50,46	: [159 196 124]
 50,47	: [101 138  68]
 50,48	: [39 56 19]
 50,49	: [52 59 46]
 50,50	: [226 234 234]
 50,51	: [135 133 145]
 50,52	: [44 22 41]
 50,53	: [210 179 200]
 50,54	: [211 184 200]
 50,55	: [208 188 200]
 50,56	: [196 187 197]
 50,57	: [195 190 199]
 50,58	: [197 187 199]
 50,59	: [199 187 199]
 50,60	: [197 186 196]
 50,61	: [198 187 195]
 50,62	: [191 183 190]
 50,63	: [233 227 232]
 50,64	: [255 251 255]
 51,0	: [207 236 251]
 51,1	: [219 239 255]
 51,2	: [187 187 217]
 51,3	: [44 34 70]
 51,4	: [38 26 62]
 51,5	: [ 75  60 111]
 51,6	: [34 15 96]
 51,7	: [ 65  41 167]
 51,8	: [ 59  33 217]
 51,9	: [ 50  21 238]
 51,10	: [ 51  19 244]
 51,11	: [ 48  18 243]
 51,12	: [ 46  21 241]
 51,13	: [ 45  23 242]
 51,14	: [ 40  16 240]
 51,15	: [ 37  19 244]
 51,16	: [ 33  22 244]
 51,17	: [ 29  17 243]
 51,18	: [ 40  18 254]
 51,19	: [ 47  18 247]
 51,20	: [ 54  23 222]
 51,21	: [ 65  32 193]
 51,22	: [ 43  14 124]
 51,23	: [24  0 68]
 51,24	: [151 119 168]
 51,25	: [223 190 224]
 51,26	: [195 161 192]
 51,27	: [107  74 101]
 51,28	: [49 18 47]
 51,29	: [42 14 43]
 51,30	: [60 37 69]
 51,31	: [64 44 79]
 51,32	: [57 43 79]
 51,33	: [42 25 62]
 51,34	: [35  8 42]
 51,35	: [118  83 117]
 51,36	: [222 184 214]
 51,37	: [188 150 192]
 51,38	: [43  9 74]
 51,39	: [ 56  24 111]
 51,40	: [ 79  47 155]
 51,41	: [ 73  38 142]
 51,42	: [ 73  31 108]
 51,43	: [35  6 39]
 51,44	: [70 73 48]
 51,45	: [175 197 138]
 51,46	: [147 177 106]
 51,47	: [ 76 104  44]
 51,48	: [ 9 19  0]
 51,49	: [167 174 171]
 51,50	: [232 248 254]
 51,51	: [196 205 215]
 51,52	: [19  0 19]
 51,53	: [128 100 120]
 51,54	: [226 199 215]
 51,55	: [200 180 193]
 51,56	: [196 185 195]
 51,57	: [195 187 197]
 51,58	: [193 183 195]
 51,59	: [199 187 199]
 51,60	: [197 183 195]
 51,61	: [200 189 199]
 51,62	: [197 189 196]
 51,63	: [205 197 204]
 51,64	: [255 251 255]
 52,0	: [204 238 254]
 52,1	: [210 238 255]
 52,2	: [225 237 255]
 52,3	: [219 220 246]
 52,4	: [ 89  82 109]
 52,5	: [16  0 42]
 52,6	: [49 25 97]
 52,7	: [ 63  32 147]
 52,8	: [ 64  32 203]
 52,9	: [ 56  27 227]
 52,10	: [ 58  27 232]
 52,11	: [ 54  25 234]
 52,12	: [ 48  22 229]
 52,13	: [ 39  17 226]
 52,14	: [ 46  22 240]
 52,15	: [ 42  23 246]
 52,16	: [ 35  21 247]
 52,17	: [ 35  19 250]
 52,18	: [ 35  12 250]
 52,19	: [ 43  18 252]
 52,20	: [ 46  16 241]
 52,21	: [ 55  24 223]
 52,22	: [ 74  46 205]
 52,23	: [ 36  12 130]
 52,24	: [12  0 68]
 52,25	: [100  80 127]
 52,26	: [196 175 208]
 52,27	: [205 185 208]
 52,28	: [192 171 193]
 52,29	: [143 123 142]
 52,30	: [114  97 111]
 52,31	: [104  88 105]
 52,32	: [105  89 113]
 52,33	: [144 122 150]
 52,34	: [189 160 185]
 52,35	: [221 190 217]
 52,36	: [177 144 179]
 52,37	: [54 22 81]
 52,38	: [ 36   8 104]
 52,39	: [ 63  35 159]
 52,40	: [ 55  26 166]
 52,41	: [ 76  43 171]
 52,42	: [ 75  39 121]
 52,43	: [34 15 40]
 52,44	: [125 140  96]
 52,45	: [178 207 134]
 52,46	: [113 129  68]
 52,47	: [37 44  7]
 52,48	: [106 106 100]
 52,49	: [229 233 244]
 52,50	: [223 241 252]
 52,51	: [226 242 254]
 52,52	: [143 133 150]
 52,53	: [24  2 21]
 52,54	: [183 159 177]
 52,55	: [210 189 204]
 52,56	: [201 187 199]
 52,57	: [200 189 199]
 52,58	: [200 186 198]
 52,59	: [202 187 201]
 52,60	: [203 186 200]
 52,61	: [199 185 197]
 52,62	: [199 188 198]
 52,63	: [196 188 195]
 52,64	: [232 221 229]
 53,0	: [201 238 252]
 53,1	: [202 235 251]
 53,2	: [211 235 255]
 53,3	: [227 240 255]
 53,4	: [227 230 251]
 53,5	: [ 89  79 115]
 53,6	: [38 12 76]
 53,7	: [ 83  51 152]
 53,8	: [ 61  28 179]
 53,9	: [ 48  16 194]
 53,10	: [ 46  16 199]
 53,11	: [ 41  14 201]
 53,12	: [ 37  12 204]
 53,13	: [ 31   8 207]
 53,14	: [ 45  23 235]
 53,15	: [ 38  17 239]
 53,16	: [ 37  19 244]
 53,17	: [ 39  19 250]
 53,18	: [ 36  14 250]
 53,19	: [ 40  14 251]
 53,20	: [ 48  19 252]
 53,21	: [ 48  21 239]
 53,22	: [ 52  25 218]
 53,23	: [ 65  41 203]
 53,24	: [ 55  35 158]
 53,25	: [12  0 85]
 53,26	: [ 9  0 58]
 53,27	: [ 94  75 124]
 53,28	: [160 141 180]
 53,29	: [193 173 202]
 53,30	: [204 184 207]
 53,31	: [204 184 207]
 53,32	: [203 182 214]
 53,33	: [195 172 210]
 53,34	: [185 157 200]
 53,35	: [113  83 136]
 53,36	: [21  0 62]
 53,37	: [ 33   5 104]
 53,38	: [ 55  30 168]
 53,39	: [ 62  37 195]
 53,40	: [ 69  38 199]
 53,41	: [ 76  48 178]
 53,42	: [35 14 82]
 53,43	: [70 66 71]
 53,44	: [175 201 141]
 53,45	: [127 156  83]
 53,46	: [93 97 61]
 53,47	: [30 22 15]
 53,48	: [110 100 116]
 53,49	: [224 222 244]
 53,50	: [221 235 253]
 53,51	: [225 240 255]
 53,52	: [231 231 247]
 53,53	: [43 33 50]
 53,54	: [38 22 39]
 53,55	: [202 185 199]
 53,56	: [205 188 201]
 53,57	: [196 180 191]
 53,58	: [201 183 196]
 53,59	: [203 184 199]
 53,60	: [202 184 201]
 53,61	: [201 186 200]
 53,62	: [198 187 197]
 53,63	: [195 184 192]
 53,64	: [199 188 196]
 54,0	: [209 241 254]
 54,1	: [205 236 251]
 54,2	: [206 238 255]
 54,3	: [203 228 248]
 54,4	: [226 240 255]
 54,5	: [105 104 136]
 54,6	: [15  0 47]
 54,7	: [ 84  50 137]
 54,8	: [ 64  32 157]
 54,9	: [ 57  25 174]
 54,10	: [ 54  23 178]
 54,11	: [ 50  21 184]
 54,12	: [ 31   5 182]
 54,13	: [ 45  20 212]
 54,14	: [ 52  30 238]
 54,15	: [ 43  22 239]
 54,16	: [ 44  23 245]
 54,17	: [ 37  15 241]
 54,18	: [ 40  17 246]
 54,19	: [ 42  16 246]
 54,20	: [ 50  23 251]
 54,21	: [ 41  14 237]
 54,22	: [ 55  28 245]
 54,23	: [ 48  21 225]
 54,24	: [ 64  36 225]
 54,25	: [ 67  40 204]
 54,26	: [ 47  22 156]
 54,27	: [20  0 99]
 54,28	: [15  0 67]
 54,29	: [44 15 78]
 54,30	: [73 40 97]
 54,31	: [ 83  51 106]
 54,32	: [ 70  44 104]
 54,33	: [51 25 95]
 54,34	: [19  0 76]
 54,35	: [ 26   0 105]
 54,36	: [ 56  28 165]
 54,37	: [ 72  48 210]
 54,38	: [ 55  30 220]
 54,39	: [ 53  27 217]
 54,40	: [ 75  42 210]
 54,41	: [ 67  44 158]
 54,42	: [18 19 53]
 54,43	: [136 153 126]
 54,44	: [171 202 133]
 54,45	: [ 98 123  63]
 54,46	: [44 39 40]
 54,47	: [47 28 61]
 54,48	: [24  5 44]
 54,49	: [54 42 78]
 54,50	: [207 207 231]
 54,51	: [228 235 254]
 54,52	: [231 239 255]
 54,53	: [197 204 219]
 54,54	: [41 38 54]
 54,55	: [52 42 58]
 54,56	: [188 174 185]
 54,57	: [210 193 204]
 54,58	: [213 190 204]
 54,59	: [204 181 196]
 54,60	: [196 177 194]
 54,61	: [200 184 201]
 54,62	: [205 191 203]
 54,63	: [198 187 197]
 54,64	: [195 186 196]
 55,0	: [206 238 251]
 55,1	: [206 238 251]
 55,2	: [199 232 251]
 55,3	: [203 235 254]
 55,4	: [219 243 255]
 55,5	: [180 192 216]
 55,6	: [49 39 81]
 55,7	: [29  8 71]
 55,8	: [ 55  32 124]
 55,9	: [ 68  43 153]
 55,10	: [ 71  43 162]
 55,11	: [ 66  36 171]
 55,12	: [ 21   0 152]
 55,13	: [ 54  29 211]
 55,14	: [ 48  26 234]
 55,15	: [ 42  19 241]
 55,16	: [ 42  18 242]
 55,17	: [ 44  20 246]
 55,18	: [ 43  18 246]
 55,19	: [ 43  18 246]
 55,20	: [ 43  16 243]
 55,21	: [ 47  20 248]
 55,22	: [ 39  14 242]
 55,23	: [ 44  17 244]
 55,24	: [ 43  16 239]
 55,25	: [ 51  23 230]
 55,26	: [ 60  35 215]
 55,27	: [ 66  40 194]
 55,28	: [ 69  41 170]
 55,29	: [ 55  24 139]
 55,30	: [ 54  17 127]
 55,31	: [ 53  16 126]
 55,32	: [ 33   4 114]
 55,33	: [ 45  17 137]
 55,34	: [ 66  36 173]
 55,35	: [ 71  41 200]
 55,36	: [ 54  31 213]
 55,37	: [ 45  24 223]
 55,38	: [ 45  23 232]
 55,39	: [ 57  31 225]
 55,40	: [ 72  43 192]
 55,41	: [16  1 85]
 55,42	: [61 75 74]
 55,43	: [192 222 173]
 55,44	: [120 149  86]
 55,45	: [68 85 51]
 55,46	: [35 24 62]
 55,47	: [ 66  43 111]
 55,48	: [ 86  61 117]
 55,49	: [26  7 50]
 55,50	: [70 59 91]
 55,51	: [236 237 255]
 55,52	: [223 236 252]
 55,53	: [228 244 255]
 55,54	: [196 205 219]
 55,55	: [47 48 62]
 55,56	: [25 17 27]
 55,57	: [161 145 156]
 55,58	: [214 191 205]
 55,59	: [223 197 213]
 55,60	: [209 190 209]
 55,61	: [196 180 197]
 55,62	: [196 182 194]
 55,63	: [199 185 196]
 55,64	: [197 186 196]
 56,0	: [206 239 254]
 56,1	: [203 236 251]
 56,2	: [206 236 253]
 56,3	: [212 241 255]
 56,4	: [206 235 249]
 56,5	: [221 245 255]
 56,6	: [186 197 217]
 56,7	: [ 68  70 101]
 56,8	: [22 15 66]
 56,9	: [24  8 72]
 56,10	: [47 24 98]
 56,11	: [ 58  30 129]
 56,12	: [ 27   1 138]
 56,13	: [ 57  32 206]
 56,14	: [ 49  24 234]
 56,15	: [ 41  18 247]
 56,16	: [ 41  17 249]
 56,17	: [ 41  17 249]
 56,18	: [ 43  17 247]
 56,19	: [ 43  18 246]
 56,20	: [ 43  17 247]
 56,21	: [ 43  17 249]
 56,22	: [ 41  17 249]
 56,23	: [ 41  18 247]
 56,24	: [ 39  21 242]
 56,25	: [ 41  23 236]
 56,26	: [ 42  26 228]
 56,27	: [ 45  28 223]
 56,28	: [ 54  32 221]
 56,29	: [ 60  36 222]
 56,30	: [ 66  38 222]
 56,31	: [ 68  38 221]
 56,32	: [ 71  40 225]
 56,33	: [ 63  31 220]
 56,34	: [ 66  34 229]
 56,35	: [ 51  22 225]
 56,36	: [ 46  24 237]
 56,37	: [ 43  24 235]
 56,38	: [ 50  31 232]
 56,39	: [ 60  40 206]
 56,40	: [ 47  29 136]
 56,41	: [20 16 57]
 56,42	: [159 183 149]
 56,43	: [142 175 114]
 56,44	: [ 96 116  74]
 56,45	: [23 28 31]
 56,46	: [ 38  25 101]
 56,47	: [ 79  56 154]
 56,48	: [ 73  45 115]
 56,49	: [49 24 74]
 56,50	: [12  0 29]
 56,51	: [174 165 192]
 56,52	: [238 248 255]
 56,53	: [211 230 243]
 56,54	: [229 246 255]
 56,55	: [217 229 239]
 56,56	: [ 95  98 106]
 56,57	: [22 14 24]
 56,58	: [82 64 77]
 56,59	: [174 153 168]
 56,60	: [199 183 201]
 56,61	: [207 193 211]
 56,62	: [214 197 210]
 56,63	: [200 184 195]
 56,64	: [201 184 197]
 57,0	: [200 234 250]
 57,1	: [206 239 255]
 57,2	: [205 233 250]
 57,3	: [207 236 251]
 57,4	: [206 235 249]
 57,5	: [206 234 245]
 57,6	: [222 244 255]
 57,7	: [225 239 255]
 57,8	: [152 156 185]
 57,9	: [ 87  82 121]
 57,10	: [52 33 82]
 57,11	: [34  8 84]
 57,12	: [ 28   0 123]
 57,13	: [ 62  36 204]
 57,14	: [ 52  27 239]
 57,15	: [ 39  14 248]
 57,16	: [ 39  16 252]
 57,17	: [ 39  17 250]
 57,18	: [ 41  18 247]
 57,19	: [ 41  18 247]
 57,20	: [ 41  17 249]
 57,21	: [ 41  17 249]
 57,22	: [ 39  17 249]
 57,23	: [ 39  18 247]
 57,24	: [ 39  20 243]
 57,25	: [ 39  22 240]
 57,26	: [ 39  21 242]
 57,27	: [ 38  20 241]
 57,28	: [ 40  18 244]
 57,29	: [ 41  19 245]
 57,30	: [ 43  19 243]
 57,31	: [ 44  18 242]
 57,32	: [ 43  13 238]
 57,33	: [ 48  18 243]
 57,34	: [ 49  19 244]
 57,35	: [ 45  19 243]
 57,36	: [ 38  16 242]
 57,37	: [ 45  26 237]
 57,38	: [ 56  35 221]
 57,39	: [ 59  41 178]
 57,40	: [18 10 75]
 57,41	: [ 96 103 106]
 57,42	: [187 215 162]
 57,43	: [ 97 126  70]
 57,44	: [63 72 62]
 57,45	: [24 15 58]
 57,46	: [ 70  49 151]
 57,47	: [ 71  46 158]
 57,48	: [35  7 83]
 57,49	: [68 42 95]
 57,50	: [ 82  62 104]
 57,51	: [22 12 42]
 57,52	: [184 189 210]
 57,53	: [228 243 255]
 57,54	: [212 234 246]
 57,55	: [218 241 249]
 57,56	: [234 248 254]
 57,57	: [156 159 167]
 57,58	: [57 47 60]
 57,59	: [24  8 25]
 57,60	: [62 50 68]
 57,61	: [127 115 133]
 57,62	: [181 167 179]
 57,63	: [206 190 201]
 57,64	: [215 198 211]
 58,0	: [205 238 255]
 58,1	: [208 240 255]
 58,2	: [206 233 253]
 58,3	: [207 234 254]
 58,4	: [213 240 255]
 58,5	: [209 236 255]
 58,6	: [208 231 253]
 58,7	: [208 225 251]
 58,8	: [233 244 255]
 58,9	: [231 233 255]
 58,10	: [210 197 235]
 58,11	: [ 58  36 101]
 58,12	: [ 30   1 118]
 58,13	: [ 69  39 206]
 58,14	: [ 43  15 229]
 58,15	: [ 41  17 255]
 58,16	: [ 38  16 252]
 58,17	: [ 36  17 250]
 58,18	: [ 36  18 249]
 58,19	: [ 36  19 247]
 58,20	: [ 38  18 247]
 58,21	: [ 38  18 247]
 58,22	: [ 39  19 246]
 58,23	: [ 41  19 245]
 58,24	: [ 41  17 241]
 58,25	: [ 45  19 243]
 58,26	: [ 46  18 248]
 58,27	: [ 45  16 249]
 58,28	: [ 42  14 251]
 58,29	: [ 40  14 251]
 58,30	: [ 38  16 248]
 58,31	: [ 37  16 245]
 58,32	: [ 46  20 250]
 58,33	: [ 42  17 245]
 58,34	: [ 44  20 244]
 58,35	: [ 39  17 236]
 58,36	: [ 47  25 244]
 58,37	: [ 48  25 224]
 58,38	: [ 65  38 201]
 58,39	: [ 42  25 128]
 58,40	: [27 31 56]
 58,41	: [181 199 170]
 58,42	: [133 161 102]
 58,43	: [ 89 110  72]
 58,44	: [21 16 47]
 58,45	: [ 64  42 124]
 58,46	: [ 99  71 184]
 58,47	: [ 54  25 135]
 58,48	: [28  3 77]
 58,49	: [133 116 167]
 58,50	: [159 147 189]
 58,51	: [58 51 84]
 58,52	: [54 49 76]
 58,53	: [218 222 241]
 58,54	: [218 240 252]
 58,55	: [209 237 244]
 58,56	: [210 234 240]
 58,57	: [238 254 255]
 58,58	: [232 235 249]
 58,59	: [145 142 158]
 58,60	: [70 66 85]
 58,61	: [46 38 55]
 58,62	: [24 14 27]
 58,63	: [62 48 60]
 58,64	: [104  89 103]
 59,0	: [204 235 255]
 59,1	: [203 235 254]
 59,2	: [212 242 255]
 59,3	: [211 241 255]
 59,4	: [203 232 253]
 59,5	: [204 232 255]
 59,6	: [212 236 255]
 59,7	: [214 234 255]
 59,8	: [208 228 253]
 59,9	: [214 225 252]
 59,10	: [246 240 255]
 59,11	: [48 30 91]
 59,12	: [ 47  18 133]
 59,13	: [ 69  36 204]
 59,14	: [ 50  22 236]
 59,15	: [ 40  16 254]
 59,16	: [ 38  16 252]
 59,17	: [ 36  17 250]
 59,18	: [ 36  18 249]
 59,19	: [ 34  19 247]
 59,20	: [ 36  18 249]
 59,21	: [ 36  19 247]
 59,22	: [ 38  18 247]
 59,23	: [ 39  19 246]
 59,24	: [ 41  17 243]
 59,25	: [ 44  17 245]
 59,26	: [ 45  16 249]
 59,27	: [ 45  15 252]
 59,28	: [ 41  14 254]
 59,29	: [ 39  16 255]
 59,30	: [ 36  16 252]
 59,31	: [ 35  16 249]
 59,32	: [ 38  16 249]
 59,33	: [ 39  16 245]
 59,34	: [ 41  21 240]
 59,35	: [ 44  25 234]
 59,36	: [ 44  21 220]
 59,37	: [ 65  40 214]
 59,38	: [ 63  32 163]
 59,39	: [15  0 68]
 59,40	: [115 125 119]
 59,41	: [170 193 149]
 59,42	: [104 126  78]
 59,43	: [47 56 46]
 59,44	: [29 11 80]
 59,45	: [ 79  50 159]
 59,46	: [ 84  54 167]
 59,47	: [17  0 91]
 59,48	: [ 80  62 131]
 59,49	: [150 144 193]
 59,50	: [154 153 195]
 59,51	: [151 150 189]
 59,52	: [21 13 44]
 59,53	: [ 80  76 101]
 59,54	: [232 248 255]
 59,55	: [212 239 249]
 59,56	: [208 238 243]
 59,57	: [206 232 239]
 59,58	: [219 235 248]
 59,59	: [243 251 255]
 59,60	: [231 235 253]
 59,61	: [187 187 205]
 59,62	: [135 132 147]
 59,63	: [ 96  89 102]
 59,64	: [59 52 67]
 60,0	: [209 235 255]
 60,1	: [205 234 255]
 60,2	: [203 236 252]
 60,3	: [202 236 252]
 60,4	: [204 238 254]
 60,5	: [205 238 254]
 60,6	: [209 233 251]
 60,7	: [214 236 254]
 60,8	: [210 235 251]
 60,9	: [219 236 255]
 60,10	: [207 208 236]
 60,11	: [29 14 75]
 60,12	: [ 44  17 134]
 60,13	: [ 66  36 203]
 60,14	: [ 53  27 241]
 60,15	: [ 34  11 247]
 60,16	: [ 39  17 249]
 60,17	: [ 39  17 249]
 60,18	: [ 38  18 247]
 60,19	: [ 36  18 249]
 60,20	: [ 34  18 250]
 60,21	: [ 34  18 250]
 60,22	: [ 34  18 250]
 60,23	: [ 36  17 250]
 60,24	: [ 38  18 247]
 60,25	: [ 39  18 247]
 60,26	: [ 38  17 246]
 60,27	: [ 38  16 249]
 60,28	: [ 38  16 252]
 60,29	: [ 34  16 253]
 60,30	: [ 31  16 251]
 60,31	: [ 32  15 250]
 60,32	: [ 39  15 253]
 60,33	: [ 40  17 246]
 60,34	: [ 41  19 231]
 60,35	: [ 55  35 224]
 60,36	: [ 66  41 209]
 60,37	: [ 72  44 181]
 60,38	: [ 52  23 116]
 60,39	: [66 48 87]
 60,40	: [192 202 179]
 60,41	: [134 153 110]
 60,42	: [82 91 71]
 60,43	: [19 14 43]
 60,44	: [ 67  41 141]
 60,45	: [ 93  61 186]
 60,46	: [ 59  30 133]
 60,47	: [23  6 87]
 60,48	: [114 111 167]
 60,49	: [152 161 205]
 60,50	: [171 187 230]
 60,51	: [154 164 204]
 60,52	: [105  98 135]
 60,53	: [12  4 34]
 60,54	: [183 190 209]
 60,55	: [221 241 252]
 60,56	: [209 240 249]
 60,57	: [204 237 246]
 60,58	: [215 242 255]
 60,59	: [208 228 245]
 60,60	: [217 233 250]
 60,61	: [235 247 255]
 60,62	: [238 247 255]
 60,63	: [235 243 255]
 60,64	: [201 212 226]
 61,0	: [210 233 255]
 61,1	: [211 237 255]
 61,2	: [206 238 255]
 61,3	: [201 236 250]
 61,4	: [203 240 254]
 61,5	: [206 241 255]
 61,6	: [209 235 251]
 61,7	: [210 236 250]
 61,8	: [210 237 251]
 61,9	: [225 245 255]
 61,10	: [159 161 192]
 61,11	: [21  7 71]
 61,12	: [ 44  19 141]
 61,13	: [ 67  41 209]
 61,14	: [ 43  20 232]
 61,15	: [ 41  21 252]
 61,16	: [ 39  18 247]
 61,17	: [ 39  18 247]
 61,18	: [ 39  18 247]
 61,19	: [ 38  18 247]
 61,20	: [ 36  17 250]
 61,21	: [ 36  16 252]
 61,22	: [ 34  16 253]
 61,23	: [ 34  17 252]
 61,24	: [ 37  20 248]
 61,25	: [ 36  19 246]
 61,26	: [ 37  17 246]
 61,27	: [ 37  17 248]
 61,28	: [ 36  16 252]
 61,29	: [ 37  17 253]
 61,30	: [ 36  17 250]
 61,31	: [ 34  16 247]
 61,32	: [ 39  15 247]
 61,33	: [ 46  21 241]
 61,34	: [ 57  36 229]
 61,35	: [ 46  25 188]
 61,36	: [ 40  14 144]
 61,37	: [15  0 86]
 61,38	: [17  0 56]
 61,39	: [ 99  86 110]
 61,40	: [145 151 132]
 61,41	: [ 93 104  78]
 61,42	: [27 27 33]
 61,43	: [46 31 82]
 61,44	: [ 97  67 174]
 61,45	: [ 84  52 171]
 61,46	: [21  0 87]
 61,47	: [ 68  60 123]
 61,48	: [169 182 228]
 61,49	: [176 201 241]
 61,50	: [180 205 249]
 61,51	: [183 200 243]
 61,52	: [147 145 187]
 61,53	: [32 25 58]
 61,54	: [114 115 136]
 61,55	: [236 249 255]
 61,56	: [204 232 243]
 61,57	: [202 236 249]
 61,58	: [209 242 255]
 61,59	: [204 234 253]
 61,60	: [214 238 255]
 61,61	: [211 233 251]
 61,62	: [210 231 246]
 61,63	: [217 238 253]
 61,64	: [220 243 255]
 62,0	: [207 233 255]
 62,1	: [204 230 254]
 62,2	: [206 236 255]
 62,3	: [210 243 255]
 62,4	: [201 240 255]
 62,5	: [196 235 249]
 62,6	: [204 238 251]
 62,7	: [209 239 250]
 62,8	: [208 234 248]
 62,9	: [225 239 255]
 62,10	: [142 138 179]
 62,11	: [26  8 85]
 62,12	: [ 51  27 157]
 62,13	: [ 57  33 205]
 62,14	: [ 47  29 236]
 62,15	: [ 33  17 242]
 62,16	: [ 39  18 247]
 62,17	: [ 39  18 247]
 62,18	: [ 41  18 246]
 62,19	: [ 41  18 247]
 62,20	: [ 41  16 250]
 62,21	: [ 41  15 252]
 62,22	: [ 39  16 252]
 62,23	: [ 38  17 250]
 62,24	: [ 38  19 246]
 62,25	: [ 38  20 245]
 62,26	: [ 38  18 247]
 62,27	: [ 38  18 249]
 62,28	: [ 39  16 252]
 62,29	: [ 42  17 251]
 62,30	: [ 44  19 247]
 62,31	: [ 43  19 243]
 62,32	: [ 52  27 247]
 62,33	: [ 41  20 219]
 62,34	: [ 65  41 207]
 62,35	: [ 38  15 143]
 62,36	: [31  8 92]
 62,37	: [123 104 159]
 62,38	: [108  97 137]
 62,39	: [27 23 48]
 62,40	: [15 17 25]
 62,41	: [20 22 30]
 62,42	: [16  8 38]
 62,43	: [55 39 93]
 62,44	: [ 85  58 144]
 62,45	: [ 65  39 129]
 62,46	: [11  0 66]
 62,47	: [129 133 184]
 62,48	: [188 215 252]
 62,49	: [178 216 251]
 62,50	: [172 205 250]
 62,51	: [179 203 249]
 62,52	: [159 168 212]
 62,53	: [ 80  80 116]
 62,54	: [40 36 61]
 62,55	: [230 234 252]
 62,56	: [213 236 251]
 62,57	: [203 236 251]
 62,58	: [201 234 253]
 62,59	: [205 238 255]
 62,60	: [207 239 255]
 62,61	: [204 237 253]
 62,62	: [205 238 254]
 62,63	: [205 238 253]
 62,64	: [203 236 251]
 63,0	: [209 236 255]
 63,1	: [209 238 255]
 63,2	: [206 236 255]
 63,3	: [205 237 255]
 63,4	: [202 238 255]
 63,5	: [199 238 252]
 63,6	: [205 240 253]
 63,7	: [206 238 249]
 63,8	: [207 233 247]
 63,9	: [237 248 255]
 63,10	: [ 95  88 133]
 63,11	: [25  8 89]
 63,12	: [ 57  33 167]
 63,13	: [ 52  29 203]
 63,14	: [ 40  23 228]
 63,15	: [ 40  22 245]
 63,16	: [ 39  18 247]
 63,17	: [ 39  18 247]
 63,18	: [ 41  18 246]
 63,19	: [ 43  17 247]
 63,20	: [ 43  16 250]
 63,21	: [ 43  16 250]
 63,22	: [ 41  15 252]
 63,23	: [ 39  17 249]
 63,24	: [ 37  18 245]
 63,25	: [ 38  19 246]
 63,26	: [ 39  19 248]
 63,27	: [ 39  17 249]
 63,28	: [ 41  15 252]
 63,29	: [ 45  16 249]
 63,30	: [ 45  16 245]
 63,31	: [ 46  18 238]
 63,32	: [ 49  24 236]
 63,33	: [ 57  34 220]
 63,34	: [ 45  22 161]
 63,35	: [10  0 88]
 63,36	: [102  89 145]
 63,37	: [204 200 235]
 63,38	: [199 206 239]
 63,39	: [178 190 218]
 63,40	: [127 136 163]
 63,41	: [107 111 140]
 63,42	: [128 120 160]
 63,43	: [17  0 51]
 63,44	: [58 32 96]
 63,45	: [24  2 67]
 63,46	: [ 59  53 106]
 63,47	: [177 190 234]
 63,48	: [181 217 253]
 63,49	: [162 206 243]
 63,50	: [163 204 249]
 63,51	: [175 207 255]
 63,52	: [157 173 219]
 63,53	: [103 106 144]
 63,54	: [24 17 44]
 63,55	: [209 208 228]
 63,56	: [220 240 255]
 63,57	: [203 236 252]
 63,58	: [200 236 254]
 63,59	: [204 239 255]
 63,60	: [197 233 251]
 63,61	: [201 237 253]
 63,62	: [199 237 255]
 63,63	: [202 241 255]
 63,64	: [202 238 254]
 64,0	: [207 237 254]
 64,1	: [205 238 254]
 64,2	: [205 237 255]
 64,3	: [205 237 255]
 64,4	: [205 237 255]
 64,5	: [204 238 254]
 64,6	: [203 237 253]
 64,7	: [204 237 252]
 64,8	: [208 234 248]
 64,9	: [231 244 255]
 64,10	: [54 49 94]
 64,11	: [32 15 96]
 64,12	: [ 60  36 170]
 64,13	: [ 47  22 196]
 64,14	: [ 49  25 233]
 64,15	: [ 40  18 244]
 64,16	: [ 39  18 247]
 64,17	: [ 39  17 249]
 64,18	: [ 39  18 247]
 64,19	: [ 41  17 249]
 64,20	: [ 41  17 249]
 64,21	: [ 41  17 249]
 64,22	: [ 41  16 250]
 64,23	: [ 39  17 249]
 64,24	: [ 38  18 247]
 64,25	: [ 38  18 247]
 64,26	: [ 39  17 249]
 64,27	: [ 39  17 249]
 64,28	: [ 41  17 249]
 64,29	: [ 42  16 246]
 64,30	: [ 45  17 247]
 64,31	: [ 50  21 244]
 64,32	: [ 52  23 233]
 64,33	: [ 61  34 208]
 64,34	: [ 12   0 105]
 64,35	: [ 85  74 146]
 64,36	: [158 163 212]
 64,37	: [185 204 241]
 64,38	: [183 212 249]
 64,39	: [178 212 248]
 64,40	: [186 214 249]
 64,41	: [195 214 249]
 64,42	: [199 201 236]
 64,43	: [ 87  74 112]
 64,44	: [33  8 52]
 64,45	: [ 78  58 103]
 64,46	: [151 152 196]
 64,47	: [195 214 255]
 64,48	: [168 203 246]
 64,49	: [166 208 253]
 64,50	: [162 205 254]
 64,51	: [168 203 253]
 64,52	: [154 175 220]
 64,53	: [120 128 165]
 64,54	: [22 14 44]
 64,55	: [178 175 197]
 64,56	: [224 242 255]
 64,57	: [203 234 249]
 64,58	: [206 240 255]
 64,59	: [201 237 253]
 64,60	: [204 238 254]
 64,61	: [206 240 255]
 64,62	: [205 238 255]
 64,63	: [201 237 255]
 64,64	: [202 235 254]
